timeTick, stateX, stateY, stateZ, stateVX, stateVY, stateVZ, whisker1, whisker2, whisker3, motor1, motor2, motor3, motor4, otX, otY, otZ, yaw, laserFront
1092402, 0.00232454901561141, -0.40284276008605957, -1.4946889877319336, 0.00086451624520123, 9.452794620301574e-05, -0.0018831553170457482, 0, 0, 0, 0, 0, 0, 0, 0, 0, 0, 0, 0
1092421, 0.0023368315305560827, -0.40282079577445984, -1.4947494268417358, 0.0023446481209248304, 0.0016822345787659287, -0.004850359633564949, 0.0, 0.0, 0.0, 0.0, 0.0, 0.0, 0.0, 0.0025545209646224976, -0.40268373489379883, -1.4947013854980469, -0.04590301960706711, 241.0
1092441, 0.0024148274678736925, -0.40275484323501587, -1.4948382377624512, 0.004000453278422356, 0.005157873034477234, -0.007659715134650469, 0.0, 0.0, 0.0, 0.0, 0.0, 0.0, 0.0, 0.0025247856974601746, -0.40285587310791016, -1.4947566986083984, -0.06812170147895813, 241.0
1092461, 0.0024826049339026213, -0.40260931849479675, -1.4949712753295898, 0.005718013737350702, 0.008965669199824333, -0.010538753122091293, 0.0, 0.0, 0.0, 0.0, 0.0, 0.0, 0.0, 0.002278510481119156, -0.4029107093811035, -1.4947166442871094, -0.12231162190437317, 241.0
1092481, 0.002549814758822322, -0.40240809321403503, -1.4951292276382446, 0.007412698119878769, 0.01399797759950161, -0.013290511444211006, 0.0, 0.0, 0.0, 0.0, 0.0, 0.0, 0.0, 0.0023691728711128235, -0.40294551849365234, -1.494771957397461, -0.14175310730934143, 239.0
1092501, 0.002643549581989646, -0.4021364450454712, -1.4953069686889648, 0.00928693637251854, 0.019736653193831444, -0.016155321151018143, 0.0, 0.0, 0.0, 0.0, 0.0, 0.0, 0.0, 0.002343505620956421, -0.4028325080871582, -1.494607925415039, -0.17124122381210327, 239.0
1092522, 0.002788166981190443, -0.4017496407032013, -1.4955412149429321, 0.011071043089032173, 0.024879014119505882, -0.018938085064291954, 0.0, 0.0, 0.0, 0.0, 0.0, 0.0, 0.0, 0.0023035071790218353, -0.40291690826416016, -1.4947376251220703, -0.19660228490829468, 239.0
1092541, 0.002917200792580843, -0.4012887179851532, -1.4957386255264282, 0.012816641479730606, 0.030552804470062256, -0.02111141011118889, 0.0, 0.0, 0.0, 0.0, 0.0, 0.0, 0.0, 0.00256902351975441, -0.40287303924560547, -1.4948444366455078, -0.20020723342895508, 239.0
1092561, 0.0031150460708886385, -0.4007490575313568, -1.4960423707962036, 0.013536373153328896, 0.0362849086523056, -0.023743145167827606, 0.0, 0.0, 0.0, 0.0, 0.0, 0.0, 0.0, 0.0030649304389953613, -0.40279531478881836, -1.4948291778564453, -0.21313747763633728, 239.0
1092581, 0.0032404407393187284, -0.4002409279346466, -1.4962774515151978, 0.014563529752194881, 0.041801296174526215, -0.02574766054749489, 0.0, 0.0, 0.0, 0.0, 0.0, 0.0, 0.0, 0.00257275253534317, -0.40293073654174805, -1.4947376251220703, -0.2186277061700821, 238.0
1092601, 0.0033963825553655624, -0.39959192276000977, -1.496555209159851, 0.01582937501370907, 0.046741776168346405, -0.02765672467648983, 0.0, 0.0, 0.0, 0.0, 0.0, 0.0, 0.0, 0.0027222856879234314, -0.40274858474731445, -1.4946365356445312, -0.24411717057228088, 238.0
1092621, 0.0035279500298202038, -0.39909690618515015, -1.4967210292816162, 0.016790324822068214, 0.050333548337221146, -0.028698639944195747, 0.0, 0.0, 0.0, 0.0, 0.0, 0.0, 0.0, 0.003075510263442993, -0.40282726287841797, -1.4949417114257812, -0.25897017121315, 238.0
1092641, 0.003694987390190363, -0.3984810411930084, -1.497043251991272, 0.017161782830953598, 0.05386060103774071, -0.030348658561706543, 0.0, 0.0, 0.0, 0.0, 0.0, 0.0, 0.0, 0.0029706545174121857, -0.4027395248413086, -1.4950675964355469, -0.26417461037635803, 238.0
1092661, 0.0037603634409606457, -0.39811089634895325, -1.4971566200256348, 0.01728510670363903, 0.05590786039829254, -0.03061974048614502, 0.0, 0.0, 0.0, 0.0, 0.0, 0.0, 0.0, 0.0024539530277252197, -0.4027671813964844, -1.494649887084961, -0.2699414789676666, 238.0
1092681, 0.0038232889492064714, -0.39778271317481995, -1.4972532987594604, 0.01690738834440708, 0.057108569890260696, -0.030856650322675705, 0.0, 0.0, 0.0, 0.0, 0.0, 0.0, 0.0, 0.002146374434232712, -0.4025583267211914, -1.49468994140625, -0.27060389518737793, 237.0
1092701, 0.003915857523679733, -0.3973027765750885, -1.4974844455718994, 0.016544507816433907, 0.05886751040816307, -0.03198295086622238, 0.0, 0.0, 0.0, 0.0, 0.0, 0.0, 0.0, 0.002517085522413254, -0.40290260314941406, -1.494791030883789, -0.27765321731567383, 237.0
1092721, 0.003915893379598856, -0.39718201756477356, -1.4975311756134033, 0.01584523729979992, 0.0582435168325901, -0.03197646141052246, 0.0, 0.0, 0.0, 0.0, 0.0, 0.0, 0.0, 0.001995883882045746, -0.4030170440673828, -1.4947357177734375, -0.2861315608024597, 237.0
1092741, 0.003990583587437868, -0.3967263996601105, -1.4977494478225708, 0.015510275959968567, 0.05900556966662407, -0.03270799666643143, 0.0, 0.0, 0.0, 0.0, 0.0, 0.0, 0.0, 0.002668529748916626, -0.402559757232666, -1.4946308135986328, -0.28537777066230774, 237.0
1092761, 0.003986263647675514, -0.3965998888015747, -1.4978373050689697, 0.01508098654448986, 0.05870092660188675, -0.0325615257024765, 0.0, 0.0, 0.0, 0.0, 0.0, 0.0, 0.0, 0.002405986189842224, -0.40294361114501953, -1.4946937561035156, -0.298801064491272, 237.0
1092781, 0.0039455643855035305, -0.3966027796268463, -1.49784517288208, 0.014500774443149567, 0.05754395201802254, -0.032137662172317505, 0.0, 0.0, 0.0, 0.0, 0.0, 0.0, 0.0, 0.0023574717342853546, -0.40300893783569336, -1.4947376251220703, -0.3083752989768982, 239.0
1092801, 0.0038612214848399162, -0.39673131704330444, -1.4977867603302002, 0.013612251728773117, 0.05549745634198189, -0.0314229391515255, 0.0, 0.0, 0.0, 0.0, 0.0, 0.0, 0.0, 0.0020621344447135925, -0.4027829170227051, -1.4946632385253906, -0.3034674823284149, 239.0
1092821, 0.0038954319898039103, -0.3965110182762146, -1.4978983402252197, 0.013665059581398964, 0.055521201342344284, -0.03177947923541069, 0.0, 0.0, 0.0, 0.0, 0.0, 0.0, 0.0, 0.0020586587488651276, -0.40288257598876953, -1.4947147369384766, -0.30931195616722107, 239.0
1092841, 0.0038016687612980604, -0.39686721563339233, -1.4977227449417114, 0.013202966190874577, 0.053329888731241226, -0.030628832057118416, 0.0, 0.0, 0.0, 0.0, 0.0, 0.0, 0.0, 0.002680763602256775, -0.40276002883911133, -1.4948234558105469, -0.3153728246688843, 239.0
1092861, 0.003786425804719329, -0.3968150317668915, -1.4977846145629883, 0.012633780017495155, 0.05200214311480522, -0.030618764460086823, 0.0, 0.0, 0.0, 0.0, 0.0, 0.0, 0.0, 0.002148471772670746, -0.4030027389526367, -1.4946174621582031, -0.318970263004303, 239.0
1092881, 0.0037810667417943478, -0.39663758873939514, -1.4978644847869873, 0.012747632339596748, 0.05233228579163551, -0.030927646905183792, 0.0, 0.0, 0.0, 0.0, 0.0, 0.0, 0.0, 0.002362854778766632, -0.4026155471801758, -1.4945735931396484, -0.3245454728603363, 240.0
1092902, 0.0037174944300204515, -0.39694929122924805, -1.4977368116378784, 0.012166853994131088, 0.050628986209630966, -0.03042740561068058, 0.0, 0.0, 0.0, 0.0, 0.0, 0.0, 0.0, 0.0029443837702274323, -0.4030003547668457, -1.4950637817382812, -0.33544227480888367, 240.0
1092921, 0.0036244902294129133, -0.3971007764339447, -1.4976253509521484, 0.0115787573158741, 0.04904206469655037, -0.029808243736624718, 0.0, 0.0, 0.0, 0.0, 0.0, 0.0, 0.0, 0.002355135977268219, -0.40291833877563477, -1.4947376251220703, -0.33387741446495056, 240.0
1092941, 0.003664222313091159, -0.3969572186470032, -1.4977800846099854, 0.01169754657894373, 0.049067579209804535, -0.030619105324149132, 0.0, 0.0, 0.0, 0.0, 0.0, 0.0, 0.0, 0.00278453528881073, -0.40325498580932617, -1.4949932098388672, -0.3416336178779602, 240.0
1092962, 0.0036028618924319744, -0.39707863330841064, -1.4977201223373413, 0.011491533368825912, 0.04785653203725815, -0.0305158831179142, 0.0, 0.0, 0.0, 0.0, 0.0, 0.0, 0.0, 0.0025814026594161987, -0.4028449058532715, -1.4948616027832031, -0.34233272075653076, 240.0
1092981, 0.0036095324903726578, -0.39717260003089905, -1.49770188331604, 0.011163095012307167, 0.047035302966833115, -0.030369265004992485, 0.0, 0.0, 0.0, 0.0, 0.0, 0.0, 0.0, 0.0028569549322128296, -0.40275049209594727, -1.4948406219482422, -0.35043326020240784, 241.0
1093001, 0.0036407657898962498, -0.39705803990364075, -1.4977970123291016, 0.011288542300462723, 0.04700368642807007, -0.03032178059220314, 0.0, 0.0, 0.0, 0.0, 0.0, 0.0, 0.0, 0.0024387389421463013, -0.40294551849365234, -1.4947185516357422, -0.3510473966598511, 241.0
1093021, 0.003594579640775919, -0.3972357511520386, -1.4977270364761353, 0.0110247153788805, 0.04577728360891342, -0.029897209256887436, 0.0, 0.0, 0.0, 0.0, 0.0, 0.0, 0.0, 0.0019986629486083984, -0.4031038284301758, -1.494894027709961, -0.3492329716682434, 241.0
1093041, 0.0035454833414405584, -0.39740657806396484, -1.4976487159729004, 0.010642647743225098, 0.04448647424578667, -0.029483038932085037, 0.0, 0.0, 0.0, 0.0, 0.0, 0.0, 0.0, 0.0020100288093090057, -0.40300750732421875, -1.4946823120117188, -0.3504650592803955, 241.0
1093061, 0.0035823932848870754, -0.39728477597236633, -1.4977463483810425, 0.010585816577076912, 0.04426459223031998, -0.03012344427406788, 0.0, 0.0, 0.0, 0.0, 0.0, 0.0, 0.0, 0.002345215529203415, -0.4028153419494629, -1.494699478149414, -0.3505573868751526, 241.0
1093081, 0.003554457100108266, -0.397422730922699, -1.4976803064346313, 0.010281374678015709, 0.043607961386442184, -0.02957717888057232, 0.0, 0.0, 0.0, 0.0, 0.0, 0.0, 0.0, 0.0024605058133602142, -0.40296173095703125, -1.4947586059570312, -0.34968358278274536, 241.0
1093101, 0.00357192475348711, -0.39731472730636597, -1.4977734088897705, 0.010265576653182507, 0.043793849647045135, -0.029932580888271332, 0.0, 0.0, 0.0, 0.0, 0.0, 0.0, 0.0, 0.002021580934524536, -0.4028315544128418, -1.494720458984375, -0.35071325302124023, 241.0
1093121, 0.00354392291046679, -0.397414892911911, -1.4977177381515503, 0.00993804819881916, 0.04325651377439499, -0.029643476009368896, 0.0, 0.0, 0.0, 0.0, 0.0, 0.0, 0.0, 0.0022378861904144287, -0.40296268463134766, -1.4946250915527344, -0.3563198745250702, 241.0
1093141, 0.0035571909975260496, -0.39732009172439575, -1.4977962970733643, 0.009935655631124973, 0.04356975853443146, -0.029925664886832237, 0.0, 0.0, 0.0, 0.0, 0.0, 0.0, 0.0, 0.002337578684091568, -0.4027829170227051, -1.4946823120117188, -0.35621583461761475, 241.0
1093161, 0.0035378180909901857, -0.3974190056324005, -1.4977372884750366, 0.009874250739812851, 0.04307188093662262, -0.029970139265060425, 0.0, 0.0, 0.0, 0.0, 0.0, 0.0, 0.0, 0.0024571865797042847, -0.40254831314086914, -1.4947147369384766, -0.35578522086143494, 241.0
1093181, 0.0034614112228155136, -0.397549033164978, -1.4976234436035156, 0.009657522663474083, 0.04222715646028519, -0.029533235356211662, 0.0, 0.0, 0.0, 0.0, 0.0, 0.0, 0.0, 0.0025242529809474945, -0.40288209915161133, -1.4947357177734375, -0.35485437512397766, 239.0
1093201, 0.0035063365940004587, -0.3974404036998749, -1.497755765914917, 0.009628187865018845, 0.042194608598947525, -0.030100196599960327, 0.0, 0.0, 0.0, 0.0, 0.0, 0.0, 0.0, 0.00257062166929245, -0.40313720703125, -1.4949569702148438, -0.3586573600769043, 239.0
1093221, 0.0034361090511083603, -0.39752042293548584, -1.4976930618286133, 0.009461039677262306, 0.0417599193751812, -0.029821954667568207, 0.0, 0.0, 0.0, 0.0, 0.0, 0.0, 0.0, 0.002161044627428055, -0.40291881561279297, -1.4947853088378906, -0.3568451404571533, 239.0
1093241, 0.003502492792904377, -0.3973994255065918, -1.497816801071167, 0.009716744534671307, 0.04256833717226982, -0.03025781735777855, 0.0, 0.0, 0.0, 0.0, 0.0, 0.0, 0.0, 0.00313776358962059, -0.40280914306640625, -1.49493408203125, -0.35473278164863586, 239.0
1093261, 0.0035102893598377705, -0.3974758982658386, -1.4977697134017944, 0.010008227080106735, 0.04218936339020729, -0.029831932857632637, 0.0, 0.0, 0.0, 0.0, 0.0, 0.0, 0.0, 0.0027921050786972046, -0.4027099609375, -1.4947071075439453, -0.3540407419204712, 239.0
1093281, 0.0034788327757269144, -0.39757511019706726, -1.497727632522583, 0.010331935249269009, 0.041623804718256, -0.02982950583100319, 0.0, 0.0, 0.0, 0.0, 0.0, 0.0, 0.0, 0.0018943361937999725, -0.40300512313842773, -1.4946041107177734, -0.35377681255340576, 236.0
1093302, 0.003526687389239669, -0.3974289894104004, -1.4978342056274414, 0.010594911873340607, 0.04228940233588219, -0.030553018674254417, 0.0, 0.0, 0.0, 0.0, 0.0, 0.0, 0.0, 0.0025145933032035828, -0.4028182029724121, -1.4947223663330078, -0.35336294770240784, 236.0
1093321, 0.003514448646456003, -0.3974911570549011, -1.4978145360946655, 0.01016284991055727, 0.04234007000923157, -0.030604086816310883, 0.0, 0.0, 0.0, 0.0, 0.0, 0.0, 0.0, 0.002300683408975601, -0.4030613899230957, -1.4947471618652344, -0.3518180549144745, 236.0
1093341, 0.0035423787776380777, -0.397369384765625, -1.497934103012085, 0.010408558882772923, 0.0428834892809391, -0.03134555369615555, 0.0, 0.0, 0.0, 0.0, 0.0, 0.0, 0.0, 0.0020663216710090637, -0.40308332443237305, -1.4948196411132812, -0.3516025245189667, 236.0
1093361, 0.00354297598823905, -0.3974376618862152, -1.497908353805542, 0.010467209853231907, 0.04268776625394821, -0.03135443106293678, 0.0, 0.0, 0.0, 0.0, 0.0, 0.0, 0.0, 0.0025109462440013885, -0.40274906158447266, -1.494710922241211, -0.3513864278793335, 236.0
1093381, 0.003544641425833106, -0.3974432051181793, -1.4979157447814941, 0.01040918193757534, 0.042870186269283295, -0.03115208074450493, 0.0, 0.0, 0.0, 0.0, 0.0, 0.0, 0.0, 0.0023597925901412964, -0.40287160873413086, -1.4946956634521484, -0.35016268491744995, 238.0
1093401, 0.0035807660315185785, -0.39729973673820496, -1.498026967048645, 0.010512088425457478, 0.04318850859999657, -0.0315541997551918, 0.0, 0.0, 0.0, 0.0, 0.0, 0.0, 0.0, 0.002498723566532135, -0.40251684188842773, -1.4947395324707031, -0.34919285774230957, 238.0
1093421, 0.0035787096712738276, -0.3973561227321625, -1.497963547706604, 0.010720575228333473, 0.04280988872051239, -0.031010067090392113, 0.0, 0.0, 0.0, 0.0, 0.0, 0.0, 0.0, 0.0006214939057826996, -0.4018826484680176, -1.4934673309326172, -0.34909704327583313, 238.0
1093441, 0.003618318820372224, -0.3972153067588806, -1.4980494976043701, 0.010595322586596012, 0.04324986785650253, -0.0312219075858593, 0.0, 0.0, 0.0, 0.0, 0.0, 0.0, 0.0, 0.0023723021149635315, -0.4026222229003906, -1.4948081970214844, -0.34909629821777344, 238.0
1093461, 0.003570528933778405, -0.3973158895969391, -1.4980002641677856, 0.010110517032444477, 0.04296170920133591, -0.030916713178157806, 0.0, 0.0, 0.0, 0.0, 0.0, 0.0, 0.0, 0.002345435321331024, -0.4029250144958496, -1.494741439819336, -0.347912460565567, 238.0
1093481, 0.003590138629078865, -0.39733612537384033, -1.4979764223098755, 0.010203836485743523, 0.04292304441332817, -0.030333206057548523, 0.0, 0.0, 0.0, 0.0, 0.0, 0.0, 0.0, 0.0025562308728694916, -0.40289783477783203, -1.4946422576904297, -0.3470056354999542, 238.0
1093501, 0.0036273987498134375, -0.39714598655700684, -1.4980963468551636, 0.010458793491125107, 0.043287016451358795, -0.030945058912038803, 0.0, 0.0, 0.0, 0.0, 0.0, 0.0, 0.0, 0.0021999217569828033, -0.40296268463134766, -1.4946975708007812, -0.34500035643577576, 238.0
1093521, 0.003630814841017127, -0.3971823751926422, -1.4980560541152954, 0.010727227665483952, 0.043241892009973526, -0.030608640983700752, 0.0, 0.0, 0.0, 0.0, 0.0, 0.0, 0.0, 0.002341698855161667, -0.40264368057250977, -1.4947223663330078, -0.3444412350654602, 238.0
1093541, 0.003683908376842737, -0.3969680070877075, -1.4981689453125, 0.011062717996537685, 0.04383344575762749, -0.031181856989860535, 0.0, 0.0, 0.0, 0.0, 0.0, 0.0, 0.0, 0.0022723451256752014, -0.4027681350708008, -1.4947166442871094, -0.3425721526145935, 238.0
1093561, 0.003651830367743969, -0.39711514115333557, -1.4980679750442505, 0.010727385990321636, 0.04298815131187439, -0.03071628138422966, 0.0, 0.0, 0.0, 0.0, 0.0, 0.0, 0.0, 0.0023504607379436493, -0.40309858322143555, -1.4946136474609375, -0.33989498019218445, 238.0
1093581, 0.0036222815979272127, -0.3972233533859253, -1.4979569911956787, 0.010470974259078503, 0.042511533945798874, -0.030211133882403374, 0.0, 0.0, 0.0, 0.0, 0.0, 0.0, 0.0, 0.00259307399392128, -0.4026637077331543, -1.4947013854980469, -0.3402251899242401, 241.0
1093602, 0.0036625638604164124, -0.39708009362220764, -1.4980571269989014, 0.01074764970690012, 0.043185096234083176, -0.030282150954008102, 0.0, 0.0, 0.0, 0.0, 0.0, 0.0, 0.0, 0.0023574307560920715, -0.4030628204345703, -1.4947681427001953, -0.337630957365036, 241.0
1093621, 0.0035555518697947264, -0.39719751477241516, -1.4978657960891724, 0.010632360354065895, 0.04216412454843521, -0.029209693893790245, 0.0, 0.0, 0.0, 0.0, 0.0, 0.0, 0.0, 0.0022826120257377625, -0.4028940200805664, -1.494649887084961, -0.3364233374595642, 241.0
1093641, 0.003643641946837306, -0.397081583738327, -1.497992753982544, 0.011020469479262829, 0.042323630303144455, -0.030088525265455246, 0.0, 0.0, 0.0, 0.0, 0.0, 0.0, 0.0, 0.0030746981501579285, -0.4030909538269043, -1.4951744079589844, -0.33561792969703674, 241.0
1093661, 0.0035971486940979958, -0.3971385359764099, -1.497855544090271, 0.011247227899730206, 0.04222949594259262, -0.029823482036590576, 0.0, 0.0, 0.0, 0.0, 0.0, 0.0, 0.0, 0.0025300271809101105, -0.40259742736816406, -1.4947547912597656, -0.33501067757606506, 241.0
1093681, 0.00362486788071692, -0.39728784561157227, -1.4977960586547852, 0.011526711285114288, 0.041600506752729416, -0.029730118811130524, 0.0, 0.0, 0.0, 0.0, 0.0, 0.0, 0.0, 0.0028715096414089203, -0.403200626373291, -1.49517822265625, -0.33370542526245117, 240.0
1093701, 0.0036967177875339985, -0.39713147282600403, -1.4979034662246704, 0.01177980750799179, 0.042248714715242386, -0.03004499524831772, 0.0, 0.0, 0.0, 0.0, 0.0, 0.0, 0.0, 0.001955553889274597, -0.40308046340942383, -1.4947185516357422, -0.33398929238319397, 240.0
1093721, 0.003699695458635688, -0.3972315490245819, -1.4978307485580444, 0.011760298162698746, 0.041891179978847504, -0.029895618557929993, 0.0, 0.0, 0.0, 0.0, 0.0, 0.0, 0.0, 0.002397153526544571, -0.4028301239013672, -1.4947452545166016, -0.3337607681751251, 240.0
1093741, 0.0037465200293809175, -0.39711689949035645, -1.4979392290115356, 0.011753047816455364, 0.04219772666692734, -0.030634621158242226, 0.0, 0.0, 0.0, 0.0, 0.0, 0.0, 0.0, 0.0023129843175411224, -0.40313053131103516, -1.4946861267089844, -0.3337111473083496, 240.0
1093761, 0.0036658120807260275, -0.3971722424030304, -1.4978300333023071, 0.011810430325567722, 0.042073942720890045, -0.030068060383200645, 0.0, 0.0, 0.0, 0.0, 0.0, 0.0, 0.0, 0.002219192683696747, -0.40266895294189453, -1.4947071075439453, -0.3330899477005005, 240.0
1093781, 0.0037226038984954357, -0.3972960114479065, -1.4978035688400269, 0.01199425384402275, 0.04169212654232979, -0.03025238960981369, 0.0, 0.0, 0.0, 0.0, 0.0, 0.0, 0.0, 0.0030994266271591187, -0.40282440185546875, -1.4950637817382812, -0.33279743790626526, 239.0
1093801, 0.003791456576436758, -0.39716118574142456, -1.497936487197876, 0.01237338688224554, 0.04176943004131317, -0.030830053612589836, 0.0, 0.0, 0.0, 0.0, 0.0, 0.0, 0.0, 0.0021669454872608185, -0.4031062126159668, -1.494729995727539, -0.33256974816322327, 239.0
1093821, 0.0037807561457157135, -0.397289514541626, -1.4978677034378052, 0.0123971626162529, 0.041491929441690445, -0.030780693516135216, 0.0, 0.0, 0.0, 0.0, 0.0, 0.0, 0.0, 0.0021205581724643707, -0.40303707122802734, -1.4946537017822266, -0.33094000816345215, 239.0
1093841, 0.0038356550503522158, -0.39713791012763977, -1.4979945421218872, 0.01234873104840517, 0.04232345148921013, -0.031417012214660645, 0.0, 0.0, 0.0, 0.0, 0.0, 0.0, 0.0, 0.0021492578089237213, -0.40291643142700195, -1.4947261810302734, -0.33066609501838684, 239.0
1093861, 0.0038195597007870674, -0.3972153961658478, -1.4979690313339233, 0.012283412739634514, 0.04225398972630501, -0.031537726521492004, 0.0, 0.0, 0.0, 0.0, 0.0, 0.0, 0.0, 0.002133019268512726, -0.40311098098754883, -1.4947948455810547, -0.3285001218318939, 239.0
1093881, 0.0037596251349896193, -0.3970398008823395, -1.498010277748108, 0.012193668633699417, 0.04304811358451843, -0.0316910445690155, 0.0, 0.0, 0.0, 0.0, 0.0, 0.0, 0.0, -1.625344157218933e-05, -0.40207386016845703, -1.4935111999511719, -0.32781264185905457, 238.0
1093902, 0.0038245967589318752, -0.3971277177333832, -1.4980366230010986, 0.01243391539901495, 0.04285857826471329, -0.03180677816271782, 0.0, 0.0, 0.0, 0.0, 0.0, 0.0, 0.0, 0.003051072359085083, -0.4031820297241211, -1.4950313568115234, -0.3279269337654114, 238.0
1093921, 0.003804225940257311, -0.3972301185131073, -1.4979712963104248, 0.012122456915676594, 0.042576659470796585, -0.031842730939388275, 0.0, 0.0, 0.0, 0.0, 0.0, 0.0, 0.0, 0.002231825143098831, -0.40293407440185547, -1.4947338104248047, -0.32737720012664795, 238.0
1093941, 0.0038569788448512554, -0.3970591723918915, -1.4981262683868408, 0.01219036802649498, 0.04316045343875885, -0.032631807029247284, 0.0, 0.0, 0.0, 0.0, 0.0, 0.0, 0.0, 0.002620171755552292, -0.40268421173095703, -1.494781494140625, -0.3275272846221924, 238.0
1093961, 0.0038663859013468027, -0.39708808064460754, -1.4981309175491333, 0.012202523648738861, 0.043111588805913925, -0.033179983496665955, 0.0, 0.0, 0.0, 0.0, 0.0, 0.0, 0.0, 0.0022598840296268463, -0.40283203125, -1.4946784973144531, -0.3270823061466217, 238.0
1093981, 0.003838513744994998, -0.39717337489128113, -1.4980841875076294, 0.012198487296700478, 0.042673081159591675, -0.03277904540300369, 0.0, 0.0, 0.0, 0.0, 0.0, 0.0, 0.0, 0.0023597292602062225, -0.40248918533325195, -1.4947052001953125, -0.32624879479408264, 241.0
1094002, 0.003886268939822912, -0.3969977796077728, -1.4982190132141113, 0.012195327319204807, 0.04276508092880249, -0.033338941633701324, 0.0, 0.0, 0.0, 0.0, 0.0, 0.0, 0.0, 0.0024069808423519135, -0.40249013900756836, -1.494659423828125, -0.3258135914802551, 241.0
1094021, 0.0038805115036666393, -0.3970412313938141, -1.4982303380966187, 0.011876961216330528, 0.04231313616037369, -0.03337693214416504, 0.0, 0.0, 0.0, 0.0, 0.0, 0.0, 0.0, 0.0024215616285800934, -0.4027976989746094, -1.4948101043701172, -0.32584071159362793, 241.0
1094041, 0.0038007632829248905, -0.397286981344223, -1.498075246810913, 0.01156705804169178, 0.04101036861538887, -0.03245702385902405, 0.0, 0.0, 0.0, 0.0, 0.0, 0.0, 0.0, 0.0020593851804733276, -0.4030423164367676, -1.4948272705078125, -0.3244057893753052, 241.0
1094061, 0.0037883801851421595, -0.39734095335006714, -1.4980480670928955, 0.011310921050608158, 0.0404026173055172, -0.03213675692677498, 0.0, 0.0, 0.0, 0.0, 0.0, 0.0, 0.0, 0.0027162842452526093, -0.40259504318237305, -1.4946422576904297, -0.3241455852985382, 241.0
1094081, 0.003755253041163087, -0.3974522650241852, -1.4979722499847412, 0.010816768743097782, 0.04012127220630646, -0.03169373795390129, 0.0, 0.0, 0.0, 0.0, 0.0, 0.0, 0.0, 0.0024548694491386414, -0.402987003326416, -1.4946327209472656, -0.3251325190067291, 241.0
1094102, 0.0038014326710253954, -0.39728429913520813, -1.4981104135513306, 0.01114546600729227, 0.04093358293175697, -0.03181378170847893, 0.0, 0.0, 0.0, 0.0, 0.0, 0.0, 0.0, 0.0021612346172332764, -0.40293312072753906, -1.4947071075439453, -0.32505103945732117, 241.0
1094121, 0.0038004557136446238, -0.39731791615486145, -1.4980696439743042, 0.010955069214105606, 0.040866874158382416, -0.031212368980050087, 0.0, 0.0, 0.0, 0.0, 0.0, 0.0, 0.0, 0.0025721751153469086, -0.40254974365234375, -1.4945793151855469, -0.3244008719921112, 241.0
1094141, 0.003739983309060335, -0.39744842052459717, -1.4979554414749146, 0.010892736725509167, 0.04010770097374916, -0.030428942292928696, 0.0, 0.0, 0.0, 0.0, 0.0, 0.0, 0.0, 0.0023030340671539307, -0.4027743339538574, -1.494720458984375, -0.3242180347442627, 241.0
1094161, 0.003780294908210635, -0.39733150601387024, -1.4980331659317017, 0.010931482538580894, 0.04022061452269554, -0.030610229820013046, 0.0, 0.0, 0.0, 0.0, 0.0, 0.0, 0.0, 0.0021295547485351562, -0.40300703048706055, -1.494741439819336, -0.3248477578163147, 241.0
1094181, 0.0037750285118818283, -0.397259920835495, -1.498078465461731, 0.010747255757451057, 0.04056384786963463, -0.030504988506436348, 0.0, 0.0, 0.0, 0.0, 0.0, 0.0, 0.0, 0.002249591052532196, -0.40304040908813477, -1.4946784973144531, -0.32432547211647034, 243.0
1094202, 0.003742573317140341, -0.3973807394504547, -1.4979623556137085, 0.010880937799811363, 0.03988572582602501, -0.029726488515734673, 0.0, 0.0, 0.0, 0.0, 0.0, 0.0, 0.0, 0.002498190850019455, -0.4027676582336426, -1.4948196411132812, -0.3239113986492157, 243.0
1094221, 0.003705432638525963, -0.39751043915748596, -1.4978466033935547, 0.01064679492264986, 0.039066243916749954, -0.029269196093082428, 0.0, 0.0, 0.0, 0.0, 0.0, 0.0, 0.0, 0.00250137597322464, -0.40262889862060547, -1.4947452545166016, -0.3243221640586853, 243.0
1094241, 0.003723883768543601, -0.39740869402885437, -1.4978959560394287, 0.01066601276397705, 0.03945566341280937, -0.02927759476006031, 0.0, 0.0, 0.0, 0.0, 0.0, 0.0, 0.0, 0.002280212938785553, -0.40275144577026367, -1.4947242736816406, -0.3237764835357666, 243.0
1094261, 0.0035912632010877132, -0.3974989354610443, -1.4977232217788696, 0.010319070890545845, 0.03876877203583717, -0.028322571888566017, 0.0, 0.0, 0.0, 0.0, 0.0, 0.0, 0.0, 0.0003054998815059662, -0.40233278274536133, -1.4935436248779297, -0.32149064540863037, 243.0
1094281, 0.003622817574068904, -0.39765194058418274, -1.4976649284362793, 0.01009989995509386, 0.03850250691175461, -0.02819502353668213, 0.0, 0.0, 0.0, 0.0, 0.0, 0.0, 0.0, 0.0034620724618434906, -0.402923583984375, -1.4951457977294922, -0.3218240737915039, 237.0
1094301, 0.0036467970348894596, -0.39754316210746765, -1.4977461099624634, 0.010254571214318275, 0.03868745639920235, -0.028644056990742683, 0.0, 0.0, 0.0, 0.0, 0.0, 0.0, 0.0, 0.0023506321012973785, -0.4029111862182617, -1.4947967529296875, -0.32137829065322876, 237.0
1094321, 0.0036284818779677153, -0.3976435959339142, -1.4976904392242432, 0.010242368094623089, 0.03839768096804619, -0.028538856655359268, 0.0, 0.0, 0.0, 0.0, 0.0, 0.0, 0.0, 0.002543289214372635, -0.40266895294189453, -1.494638442993164, -0.31876298785209656, 237.0
1094341, 0.0036625268403440714, -0.3975287079811096, -1.497758150100708, 0.010003936477005482, 0.03883812204003334, -0.02913348563015461, 0.0, 0.0, 0.0, 0.0, 0.0, 0.0, 0.0, 0.002319011837244034, -0.40291833877563477, -1.4946937561035156, -0.31819573044776917, 237.0
1094361, 0.003629920771345496, -0.39763182401657104, -1.4977076053619385, 0.009785043075680733, 0.038705822080373764, -0.02932538278400898, 0.0, 0.0, 0.0, 0.0, 0.0, 0.0, 0.0, 0.002436026930809021, -0.40297603607177734, -1.4947376251220703, -0.3162088692188263, 237.0
1094381, 0.0036037045065313578, -0.39773333072662354, -1.4976385831832886, 0.009804314002394676, 0.03851880133152008, -0.028858663514256477, 0.0, 0.0, 0.0, 0.0, 0.0, 0.0, 0.0, 0.0026443302631378174, -0.40247631072998047, -1.4946613311767578, -0.31525254249572754, 240.0
1094401, 0.003627711208537221, -0.3976016342639923, -1.4977428913116455, 0.010233250446617603, 0.03897283598780632, -0.029418589547276497, 0.0, 0.0, 0.0, 0.0, 0.0, 0.0, 0.0, 0.002102244645357132, -0.4029850959777832, -1.4947147369384766, -0.31475311517715454, 240.0
1094421, 0.0036295487079769373, -0.39767012000083923, -1.4977153539657593, 0.010394234210252762, 0.038842178881168365, -0.029384536668658257, 0.0, 0.0, 0.0, 0.0, 0.0, 0.0, 0.0, 0.002251993864774704, -0.40303802490234375, -1.4947528839111328, -0.31430721282958984, 240.0
1094441, 0.003651183098554611, -0.3975386619567871, -1.4978153705596924, 0.010485040955245495, 0.039412084966897964, -0.03008362278342247, 0.0, 0.0, 0.0, 0.0, 0.0, 0.0, 0.0, 0.0022606179118156433, -0.40285634994506836, -1.4947166442871094, -0.3141278028488159, 240.0
1094461, 0.003625552635639906, -0.39762842655181885, -1.497789978981018, 0.010189051739871502, 0.03918064013123512, -0.030258089303970337, 0.0, 0.0, 0.0, 0.0, 0.0, 0.0, 0.0, 0.0024226196110248566, -0.40316057205200195, -1.4947757720947266, -0.3128795027732849, 240.0
1094481, 0.003818657249212265, -0.39657676219940186, -1.4977822303771973, 0.012136174365878105, 0.04890713468194008, -0.030492007732391357, 0.0, 0.0, 0.0, 0.0, 0.0, 0.0, 0.0, 0.0021584220230579376, -0.40287303924560547, -1.4947032928466797, -0.3117198944091797, 238.0
1094502, 0.0, 0.0, 0.0, 0.0, 0.0, 0.0, 0.0, 0.0, 0.0, 0.0, 0.0, 0.0, 0.0, 0.002147272229194641, -0.40267086029052734, -1.494638442993164, -0.37295252084732056, 238.0
1094521, 0.002263309434056282, -0.4027710258960724, -1.494700312614441, 0.001424209214746952, 0.00014002744865138084, -0.0021898606792092323, 0.0, 0.0, 0.0, 0.0, 0.0, 0.0, 0.0, 0.0024020224809646606, -0.40273475646972656, -1.4946765899658203, -0.01713457889854908, 238.0
1094541, 0.002366210799664259, -0.40278807282447815, -1.4947783946990967, 0.0030057306867092848, 0.0019241301342844963, -0.005418415647000074, 0.0, 0.0, 0.0, 0.0, 0.0, 0.0, 0.0, 0.0022870823740959167, -0.4030022621154785, -1.494649887084961, -0.06677497178316116, 238.0
1094561, 0.0023885418195277452, -0.4027508795261383, -1.4948736429214478, 0.004359331447631121, 0.005290618631988764, -0.008338162675499916, 0.0, 0.0, 0.0, 0.0, 0.0, 0.0, 0.0, 0.002407606691122055, -0.40262603759765625, -1.494760513305664, -0.09346532821655273, 238.0
1094581, 0.0024960553273558617, -0.40260055661201477, -1.4950233697891235, 0.005607400555163622, 0.008949948474764824, -0.010967103764414787, 0.0, 0.0, 0.0, 0.0, 0.0, 0.0, 0.0, 0.0021414197981357574, -0.40288686752319336, -1.4947662353515625, -0.12679532170295715, 238.0
1094602, 0.002509352518245578, -0.4023147225379944, -1.4951285123825073, 0.0078946053981781, 0.01415884681046009, -0.013899440877139568, 0.0, 0.0, 0.0, 0.0, 0.0, 0.0, 0.0, 0.0029158703982830048, -0.40254783630371094, -1.4946670532226562, -0.14351128041744232, 238.0
1094621, 0.0026176690589636564, -0.40203234553337097, -1.4953351020812988, 0.009261797182261944, 0.020027240738272667, -0.01619686745107174, 0.0, 0.0, 0.0, 0.0, 0.0, 0.0, 0.0, 0.002734251320362091, -0.40342235565185547, -1.4951457977294922, -0.17567412555217743, 238.0
1094641, 0.0027856179513037205, -0.401635080575943, -1.4956022500991821, 0.010342556051909924, 0.025663653388619423, -0.018939301371574402, 0.0, 0.0, 0.0, 0.0, 0.0, 0.0, 0.0, 0.002890363335609436, -0.4029688835144043, -1.4949932098388672, -0.18530093133449554, 238.0
1094661, 0.0029528269078582525, -0.40111905336380005, -1.4958581924438477, 0.01141011156141758, 0.03188985958695412, -0.02166401967406273, 0.0, 0.0, 0.0, 0.0, 0.0, 0.0, 0.0, 0.0028859972953796387, -0.40285730361938477, -1.4947872161865234, -0.20510226488113403, 238.0
1094681, 0.0030250081326812506, -0.40059658885002136, -1.4960445165634155, 0.012983039021492004, 0.037424419075250626, -0.023590486496686935, 0.0, 0.0, 0.0, 0.0, 0.0, 0.0, 0.0, 0.0023017562925815582, -0.40298891067504883, -1.4948692321777344, -0.21666070818901062, 243.0
1094702, 0.0032092160545289516, -0.4000036120414734, -1.4963643550872803, 0.013926646672189236, 0.042670827358961105, -0.025662876665592194, 0.0, 0.0, 0.0, 0.0, 0.0, 0.0, 0.0, 0.0032150521874427795, -0.4031496047973633, -1.4951286315917969, -0.2400747835636139, 243.0
1094721, 0.003338810056447983, -0.39945656061172485, -1.4965882301330566, 0.015099460259079933, 0.04704403132200241, -0.02732936479151249, 0.0, 0.0, 0.0, 0.0, 0.0, 0.0, 0.0, 0.002345871180295944, -0.4027223587036133, -1.4947547912597656, -0.24479234218597412, 243.0
1094741, 0.0034305108711123466, -0.39899301528930664, -1.4967176914215088, 0.01581782102584839, 0.050541847944259644, -0.027683774009346962, 0.0, 0.0, 0.0, 0.0, 0.0, 0.0, 0.0, 0.0027227401733398438, -0.40268373489379883, -1.4946460723876953, -0.2614719569683075, 243.0
1094761, 0.0035887686535716057, -0.3983883857727051, -1.496988296508789, 0.01610109768807888, 0.054216187447309494, -0.029373498633503914, 0.0, 0.0, 0.0, 0.0, 0.0, 0.0, 0.0, 0.0025508329272270203, -0.4030723571777344, -1.4949569702148438, -0.27368253469467163, 243.0
1094781, 0.0037224246188998222, -0.39781227707862854, -1.497226595878601, 0.016054557636380196, 0.05698039010167122, -0.030496882274746895, 0.0, 0.0, 0.0, 0.0, 0.0, 0.0, 0.0, 0.0027789659798145294, -0.40270423889160156, -1.4946632385253906, -0.27496206760406494, 241.0
1094801, 0.003733042161911726, -0.39752325415611267, -1.4972630739212036, 0.01604563742876053, 0.05782031640410423, -0.030194038525223732, 0.0, 0.0, 0.0, 0.0, 0.0, 0.0, 0.0, 0.002746719866991043, -0.40265941619873047, -1.4947090148925781, -0.29139813780784607, 241.0
1094821, 0.0037777028046548367, -0.3972981870174408, -1.4973461627960205, 0.015932641923427582, 0.05835985764861107, -0.030313821509480476, 0.0, 0.0, 0.0, 0.0, 0.0, 0.0, 0.0, 0.002834327518939972, -0.4027862548828125, -1.495035171508789, -0.29196280241012573, 241.0
1094841, 0.003850051201879978, -0.39687493443489075, -1.4975312948226929, 0.01601090095937252, 0.05949467048048973, -0.03082893416285515, 0.0, 0.0, 0.0, 0.0, 0.0, 0.0, 0.0, 0.002012215554714203, -0.40288639068603516, -1.4947547912597656, -0.2954249382019043, 241.0
1094861, 0.0038191545754671097, -0.39683666825294495, -1.4975324869155884, 0.015402354300022125, 0.05864869803190231, -0.03072546422481537, 0.0, 0.0, 0.0, 0.0, 0.0, 0.0, 0.0, 0.0022292695939540863, -0.40302562713623047, -1.4947395324707031, -0.3049139380455017, 241.0
1094881, 0.003767354181036353, -0.3970954716205597, -1.497377634048462, 0.015022220090031624, 0.056958362460136414, -0.02991604059934616, 0.0, 0.0, 0.0, 0.0, 0.0, 0.0, 0.0, 0.0026356056332588196, -0.4029092788696289, -1.4948863983154297, -0.30471673607826233, 238.0
1094901, 0.0038559327367693186, -0.3965991735458374, -1.49767005443573, 0.015081935562193394, 0.057832978665828705, -0.03158143535256386, 0.0, 0.0, 0.0, 0.0, 0.0, 0.0, 0.0, 0.002040114253759384, -0.4029850959777832, -1.4948005676269531, -0.3118683099746704, 238.0
1094921, 0.0038577234372496605, -0.39665111899375916, -1.4976733922958374, 0.014664936810731888, 0.056820839643478394, -0.031761154532432556, 0.0, 0.0, 0.0, 0.0, 0.0, 0.0, 0.0, 0.0026120543479919434, -0.40251636505126953, -1.4946537017822266, -0.32419320940971375, 238.0
1094941, 0.003745518857613206, -0.3970273733139038, -1.4975014925003052, 0.01400109101086855, 0.05463465303182602, -0.030873673036694527, 0.0, 0.0, 0.0, 0.0, 0.0, 0.0, 0.0, 0.002133060246706009, -0.4030275344848633, -1.4946708679199219, -0.32699674367904663, 238.0
1094961, 0.003829679684713483, -0.39658811688423157, -1.4977984428405762, 0.01351163350045681, 0.05511646345257759, -0.03219389170408249, 0.0, 0.0, 0.0, 0.0, 0.0, 0.0, 0.0, 0.0021163038909435272, -0.4028167724609375, -1.4946708679199219, -0.33473658561706543, 238.0
1094981, 0.0037948759272694588, -0.39666178822517395, -1.4978073835372925, 0.0130610391497612, 0.054011713713407516, -0.0317394845187664, 0.0, 0.0, 0.0, 0.0, 0.0, 0.0, 0.0, 0.002465076744556427, -0.4025864601135254, -1.4946575164794922, -0.3376868963241577, 240.0
1095001, 0.0038208707701414824, -0.3964976966381073, -1.4979372024536133, 0.013008948415517807, 0.053897202014923096, -0.032313864678144455, 0.0, 0.0, 0.0, 0.0, 0.0, 0.0, 0.0, 0.0022182948887348175, -0.4030160903930664, -1.4947586059570312, -0.34100762009620667, 240.0
1095021, 0.0037891988176852465, -0.39661574363708496, -1.497913122177124, 0.012540895491838455, 0.05252905935049057, -0.03228545933961868, 0.0, 0.0, 0.0, 0.0, 0.0, 0.0, 0.0, 0.0026106983423233032, -0.4027872085571289, -1.4946250915527344, -0.3426406681537628, 240.0
1095041, 0.00359137961640954, -0.39698901772499084, -1.4976606369018555, 0.011543551459908485, 0.05041426792740822, -0.031094510108232498, 0.0, 0.0, 0.0, 0.0, 0.0, 0.0, 0.0, 0.0019083954393863678, -0.40289306640625, -1.494577407836914, -0.3441520631313324, 240.0
1095061, 0.0037430718075484037, -0.39663833379745483, -1.4979912042617798, 0.012052787467837334, 0.05081203952431679, -0.03215129300951958, 0.0, 0.0, 0.0, 0.0, 0.0, 0.0, 0.0, 0.0029948726296424866, -0.4033050537109375, -1.4950828552246094, -0.3576807379722595, 240.0
1095081, 0.003579184180125594, -0.3972133696079254, -1.4976840019226074, 0.011446371674537659, 0.04804503172636032, -0.030627217143774033, 0.0, 0.0, 0.0, 0.0, 0.0, 0.0, 0.0, 0.002072542905807495, -0.40315723419189453, -1.4946918487548828, -0.3544214367866516, 240.0
1095101, 0.003601777832955122, -0.39710962772369385, -1.4978046417236328, 0.011406248435378075, 0.04784899577498436, -0.03110971488058567, 0.0, 0.0, 0.0, 0.0, 0.0, 0.0, 0.0, 0.002315063029527664, -0.4029688835144043, -1.4947795867919922, -0.3581288754940033, 240.0
1095121, 0.0035058343783020973, -0.397223562002182, -1.497690200805664, 0.010951696895062923, 0.0468469075858593, -0.030234320089221, 0.0, 0.0, 0.0, 0.0, 0.0, 0.0, 0.0, 0.0024650059640407562, -0.40273046493530273, -1.494710922241211, -0.3579253852367401, 240.0
1095142, 0.003485435154289007, -0.3970181941986084, -1.4977834224700928, 0.01102389581501484, 0.04712829738855362, -0.030843978747725487, 0.0, 0.0, 0.0, 0.0, 0.0, 0.0, 0.0, 0.0029995180666446686, -0.4029970169067383, -1.4951038360595703, -0.35607266426086426, 240.0
1095161, 0.003557390533387661, -0.3971119821071625, -1.4978594779968262, 0.011017235927283764, 0.046032264828681946, -0.031165366992354393, 0.0, 0.0, 0.0, 0.0, 0.0, 0.0, 0.0, 0.003698725253343582, -0.40337467193603516, -1.4955387115478516, -0.366251140832901, 240.0
1095181, 0.003516711760312319, -0.3969859778881073, -1.4978957176208496, 0.01099507324397564, 0.04589495062828064, -0.031046058982610703, 0.0, 0.0, 0.0, 0.0, 0.0, 0.0, 0.0, 0.002674967050552368, -0.4028663635253906, -1.4948291778564453, -0.3650715947151184, 242.0
1095201, 0.003546526888385415, -0.39715608954429626, -1.4978969097137451, 0.010694833472371101, 0.04494819790124893, -0.030873175710439682, 0.0, 0.0, 0.0, 0.0, 0.0, 0.0, 0.0, 0.003176353871822357, -0.4031524658203125, -1.4951324462890625, -0.36765342950820923, 242.0
1095221, 0.003568233922123909, -0.39717140793800354, -1.4978933334350586, 0.010692954994738102, 0.04424257576465607, -0.03098898008465767, 0.0, 0.0, 0.0, 0.0, 0.0, 0.0, 0.0, 0.0006251335144042969, -0.40186309814453125, -1.4933815002441406, -0.36687132716178894, 242.0
1095242, 0.003562161698937416, -0.3969489336013794, -1.498041033744812, 0.010590803809463978, 0.04474684223532677, -0.0314311683177948, 0.0, 0.0, 0.0, 0.0, 0.0, 0.0, 0.0, 0.002178739756345749, -0.40303754806518555, -1.4947929382324219, -0.36653435230255127, 242.0
1095261, 0.003569427179172635, -0.3969927430152893, -1.4980536699295044, 0.010854342952370644, 0.04404858499765396, -0.03138696402311325, 0.0, 0.0, 0.0, 0.0, 0.0, 0.0, 0.0, 0.0005782619118690491, -0.40241432189941406, -1.4936866760253906, -0.3712728023529053, 242.0
1095281, 0.0035884634125977755, -0.39704301953315735, -1.4980595111846924, 0.010976096615195274, 0.043691523373126984, -0.0314304456114769, 0.0, 0.0, 0.0, 0.0, 0.0, 0.0, 0.0, 0.002594444900751114, -0.4029421806335449, -1.4948291778564453, -0.37078574299812317, 241.0
1095302, 0.0036223765928298235, -0.39694592356681824, -1.4981348514556885, 0.011082218028604984, 0.04354844242334366, -0.03154605254530907, 0.0, 0.0, 0.0, 0.0, 0.0, 0.0, 0.0, 0.0021250732243061066, -0.4028487205505371, -1.494821548461914, -0.36840465664863586, 241.0
1095321, 0.0035976299550384283, -0.3971188962459564, -1.4980316162109375, 0.01108095794916153, 0.042565882205963135, -0.031189730390906334, 0.0, 0.0, 0.0, 0.0, 0.0, 0.0, 0.0, 0.002434149384498596, -0.4030609130859375, -1.4947376251220703, -0.3670762777328491, 241.0
1095341, 0.0035489711444824934, -0.39742860198020935, -1.4978185892105103, 0.010913172736763954, 0.041151463985443115, -0.030160529538989067, 0.0, 0.0, 0.0, 0.0, 0.0, 0.0, 0.0, 0.002455364912748337, -0.4028301239013672, -1.4946956634521484, -0.3668426275253296, 241.0
1095361, 0.003513709409162402, -0.39760515093803406, -1.4977208375930786, 0.010710947215557098, 0.04055054858326912, -0.029266931116580963, 0.0, 0.0, 0.0, 0.0, 0.0, 0.0, 0.0, 0.0023402050137519836, -0.40298891067504883, -1.4947166442871094, -0.3662777543067932, 241.0
1095381, 0.0035693678073585033, -0.3974754214286804, -1.4978060722351074, 0.010924430564045906, 0.04121166467666626, -0.029840625822544098, 0.0, 0.0, 0.0, 0.0, 0.0, 0.0, 0.0, 0.002405211329460144, -0.4028434753417969, -1.4948558807373047, -0.369714617729187, 238.0
1095401, 0.0035422814544290304, -0.3976247310638428, -1.497712254524231, 0.010717581957578659, 0.04047277197241783, -0.029217008501291275, 0.0, 0.0, 0.0, 0.0, 0.0, 0.0, 0.0, 0.0024320967495441437, -0.40300941467285156, -1.4946575164794922, -0.3678840100765228, 238.0
1095421, 0.00352731766179204, -0.39775124192237854, -1.4976356029510498, 0.010696093551814556, 0.03973633050918579, -0.028854865580797195, 0.0, 0.0, 0.0, 0.0, 0.0, 0.0, 0.0, 0.0021131373941898346, -0.40289306640625, -1.4948577880859375, -0.3673793375492096, 238.0
1095441, 0.003500547958537936, -0.397599458694458, -1.4976691007614136, 0.010735643096268177, 0.04037924483418465, -0.029052739962935448, 0.0, 0.0, 0.0, 0.0, 0.0, 0.0, 0.0, 0.0025286786258220673, -0.40270280838012695, -1.4947776794433594, -0.36845672130584717, 238.0
1095461, 0.0035609975457191467, -0.3977232575416565, -1.497625708580017, 0.010810889303684235, 0.0399259477853775, -0.028395526111125946, 0.0, 0.0, 0.0, 0.0, 0.0, 0.0, 0.0, 0.0033624880015850067, -0.40308141708374023, -1.4952049255371094, -0.3678456246852875, 238.0
1095481, 0.003567714476957917, -0.39759597182273865, -1.497694969177246, 0.010743990540504456, 0.04040959104895592, -0.02879060059785843, 0.0, 0.0, 0.0, 0.0, 0.0, 0.0, 0.0, -0.00014923512935638428, -0.4023408889770508, -1.4935169219970703, -0.36693498492240906, 242.0
1095501, 0.0035579968243837357, -0.39770370721817017, -1.497632622718811, 0.010850788094103336, 0.04018121212720871, -0.028655031695961952, 0.0, 0.0, 0.0, 0.0, 0.0, 0.0, 0.0, 0.0021620579063892365, -0.40300703048706055, -1.4947433471679688, -0.36609235405921936, 242.0
1095521, 0.0035400642082095146, -0.3977954089641571, -1.497577428817749, 0.010494768619537354, 0.03981197252869606, -0.028384940698742867, 0.0, 0.0, 0.0, 0.0, 0.0, 0.0, 0.0, 0.002504248172044754, -0.40308141708374023, -1.4947528839111328, -0.36559686064720154, 242.0
1095542, 0.003581641474738717, -0.39765703678131104, -1.497682809829712, 0.010738406330347061, 0.04026150703430176, -0.028683975338935852, 0.0, 0.0, 0.0, 0.0, 0.0, 0.0, 0.0, 0.002055719494819641, -0.40277862548828125, -1.4946346282958984, -0.36508774757385254, 242.0
1095561, 0.0035726195201277733, -0.3977524936199188, -1.4976236820220947, 0.01071738451719284, 0.039931315928697586, -0.028588397428393364, 0.0, 0.0, 0.0, 0.0, 0.0, 0.0, 0.0, 0.0020867586135864258, -0.402801513671875, -1.4946613311767578, -0.3636225461959839, 242.0
1095581, 0.0036041263956576586, -0.39761802554130554, -1.4977221488952637, 0.01092984713613987, 0.0403335765004158, -0.028995320200920105, 0.0, 0.0, 0.0, 0.0, 0.0, 0.0, 0.0, 0.00212743878364563, -0.4028635025024414, -1.4946269989013672, -0.3624952435493469, 238.0
1095601, 0.003593394998461008, -0.39770013093948364, -1.4976704120635986, 0.011327836662530899, 0.03990025073289871, -0.0288830678910017, 0.0, 0.0, 0.0, 0.0, 0.0, 0.0, 0.0, 0.002397097647190094, -0.40301942825317383, -1.4947509765625, -0.3609960675239563, 238.0
1095621, 0.003714327933266759, -0.39737260341644287, -1.4979232549667358, 0.011978935450315475, 0.04128141701221466, -0.03048114851117134, 0.0, 0.0, 0.0, 0.0, 0.0, 0.0, 0.0, 0.0023018643260002136, -0.40296030044555664, -1.4947147369384766, -0.3605726361274719, 238.0
1095642, 0.0036511009093374014, -0.39763370156288147, -1.497747540473938, 0.011687040328979492, 0.0405389666557312, -0.029817190021276474, 0.0, 0.0, 0.0, 0.0, 0.0, 0.0, 0.0, 0.0024126991629600525, -0.40273237228393555, -1.494720458984375, -0.3580738604068756, 238.0
1095661, 0.0036316108889877796, -0.3977106213569641, -1.4977009296417236, 0.011638565920293331, 0.04028698056936264, -0.029603756964206696, 0.0, 0.0, 0.0, 0.0, 0.0, 0.0, 0.0, 0.0020955801010131836, -0.4028010368347168, -1.4947700500488281, -0.3579277992248535, 238.0
1095681, 0.003683605697005987, -0.39733412861824036, -1.497910499572754, 0.01170024462044239, 0.041789811104536057, -0.03071548417210579, 0.0, 0.0, 0.0, 0.0, 0.0, 0.0, 0.0, 0.0022667981684207916, -0.40268373489379883, -1.4946670532226562, -0.35639438033103943, 238.0
1095702, 0.0036589019000530243, -0.3976183533668518, -1.4977601766586304, 0.011545807123184204, 0.040734462440013885, -0.03009754978120327, 0.0, 0.0, 0.0, 0.0, 0.0, 0.0, 0.0, 0.0036669522523880005, -0.4033474922180176, -1.4954566955566406, -0.3554648756980896, 238.0
1095721, 0.003747326321899891, -0.3972776234149933, -1.4980322122573853, 0.01197854708880186, 0.041794367134571075, -0.031372491270303726, 0.0, 0.0, 0.0, 0.0, 0.0, 0.0, 0.0, 0.002209864556789398, -0.40285778045654297, -1.4947032928466797, -0.35434281826019287, 238.0
1095741, 0.003701526904478669, -0.39748549461364746, -1.497869849205017, 0.011854615993797779, 0.04109630361199379, -0.0306718647480011, 0.0, 0.0, 0.0, 0.0, 0.0, 0.0, 0.0, 0.0023089349269866943, -0.4028139114379883, -1.4946632385253906, -0.35143014788627625, 238.0
1095761, 0.0036934318486601114, -0.39755162596702576, -1.4978270530700684, 0.011688281781971455, 0.04063979536294937, -0.03056422993540764, 0.0, 0.0, 0.0, 0.0, 0.0, 0.0, 0.0, 0.0027310810983181, -0.4025273323059082, -1.4946823120117188, -0.3506919741630554, 238.0
1095781, 0.003670687787234783, -0.39762943983078003, -1.4977556467056274, 0.01141132041811943, 0.040383145213127136, -0.029854347929358482, 0.0, 0.0, 0.0, 0.0, 0.0, 0.0, 0.0, 0.00249587744474411, -0.40287256240844727, -1.4947090148925781, -0.3494928181171417, 241.0
1095801, 0.0037272481713443995, -0.3974398672580719, -1.4978997707366943, 0.01201626006513834, 0.04113279655575752, -0.030656248331069946, 0.0, 0.0, 0.0, 0.0, 0.0, 0.0, 0.0, 0.0026887506246566772, -0.4029102325439453, -1.4949626922607422, -0.34792542457580566, 241.0
1095821, 0.003752281656488776, -0.3974232077598572, -1.497924566268921, 0.012115832418203354, 0.041281428188085556, -0.03097103163599968, 0.0, 0.0, 0.0, 0.0, 0.0, 0.0, 0.0, 0.002125851809978485, -0.4029579162597656, -1.4947185516357422, -0.3460981845855713, 241.0
1095842, 0.003794956486672163, -0.39725756645202637, -1.498057246208191, 0.011877208016812801, 0.041669849306344986, -0.03145413473248482, 0.0, 0.0, 0.0, 0.0, 0.0, 0.0, 0.0, 0.0024260394275188446, -0.4030032157897949, -1.4947052001953125, -0.34605658054351807, 241.0
1095861, 0.0037947818636894226, -0.3973292112350464, -1.4979888200759888, 0.011813138611614704, 0.04122963547706604, -0.03107900731265545, 0.0, 0.0, 0.0, 0.0, 0.0, 0.0, 0.0, 0.002279222011566162, -0.4027876853942871, -1.4946956634521484, -0.3470088243484497, 241.0
1095881, 0.0038275509141385555, -0.39718812704086304, -1.4980970621109009, 0.011630571447312832, 0.041742146015167236, -0.031323254108428955, 0.0, 0.0, 0.0, 0.0, 0.0, 0.0, 0.0, 0.0019930973649024963, -0.40279388427734375, -1.494720458984375, -0.3464905917644501, 234.0
1095901, 0.003781055100262165, -0.39730218052864075, -1.4980010986328125, 0.01123514212667942, 0.04121237248182297, -0.03081509657204151, 0.0, 0.0, 0.0, 0.0, 0.0, 0.0, 0.0, 0.0022665001451969147, -0.40284299850463867, -1.4946670532226562, -0.3457612693309784, 234.0
1095921, 0.0036729045677930117, -0.39738669991493225, -1.497833013534546, 0.011103184893727303, 0.04080062732100487, -0.029764622449874878, 0.0, 0.0, 0.0, 0.0, 0.0, 0.0, 0.0, 0.0025130435824394226, -0.4028048515319824, -1.4946975708007812, -0.34555500745773315, 234.0
1095941, 0.003776156110689044, -0.3972635269165039, -1.4979830980300903, 0.011491339653730392, 0.04090271517634392, -0.030340859666466713, 0.0, 0.0, 0.0, 0.0, 0.0, 0.0, 0.0, 0.003261566162109375, -0.4030766487121582, -1.4953174591064453, -0.344961017370224, 234.0
1095961, 0.003742099739611149, -0.39739060401916504, -1.4978704452514648, 0.011148928664624691, 0.04031236469745636, -0.029682958498597145, 0.0, 0.0, 0.0, 0.0, 0.0, 0.0, 0.0, 0.0024238936603069305, -0.4028010368347168, -1.4947757720947266, -0.3449872136116028, 234.0
1095981, 0.0037799179553985596, -0.3972756266593933, -1.4979642629623413, 0.011264168657362461, 0.04028201475739479, -0.030196046456694603, 0.0, 0.0, 0.0, 0.0, 0.0, 0.0, 0.0, 0.002391822636127472, -0.40284204483032227, -1.4947032928466797, -0.34492582082748413, 239.0
1096001, 0.003748048795387149, -0.39742082357406616, -1.4978431463241577, 0.010982690379023552, 0.039739951491355896, -0.029451174661517143, 0.0, 0.0, 0.0, 0.0, 0.0, 0.0, 0.0, 0.002303779125213623, -0.40258073806762695, -1.4946613311767578, -0.344272643327713, 239.0
1096021, 0.003717215731739998, -0.39729127287864685, -1.4978941679000854, 0.011063211597502232, 0.04024357348680496, -0.029789162799715996, 0.0, 0.0, 0.0, 0.0, 0.0, 0.0, 0.0, 0.0020057298243045807, -0.4028792381286621, -1.4947071075439453, -0.3438255786895752, 239.0
1096041, 0.0037383821327239275, -0.3973829448223114, -1.4978595972061157, 0.01133282296359539, 0.04034607857465744, -0.03011249378323555, 0.0, 0.0, 0.0, 0.0, 0.0, 0.0, 0.0, 0.0027852021157741547, -0.4026322364807129, -1.4947738647460938, -0.3420296013355255, 239.0
1096061, 0.00371207925491035, -0.39749929308891296, -1.4977842569351196, 0.011538674123585224, 0.03991277143359184, -0.029515407979488373, 0.0, 0.0, 0.0, 0.0, 0.0, 0.0, 0.0, 0.0022575221955776215, -0.40283632278442383, -1.4947052001953125, -0.3396679162979126, 239.0
1096081, 0.0037659641820937395, -0.39737895131111145, -1.4978786706924438, 0.011895238421857357, 0.040684089064598083, -0.030217401683330536, 0.0, 0.0, 0.0, 0.0, 0.0, 0.0, 0.0, 0.0023493915796279907, -0.40277862548828125, -1.4947128295898438, -0.33898696303367615, 235.0
1096101, 0.00373637187294662, -0.3974454700946808, -1.4978035688400269, 0.011599591933190823, 0.04057958349585533, -0.02980737015604973, 0.0, 0.0, 0.0, 0.0, 0.0, 0.0, 0.0, 9.43988561630249e-06, -0.4022393226623535, -1.4934730529785156, -0.33866289258003235, 235.0
1096121, 0.0037167512346059084, -0.397533655166626, -1.497758388519287, 0.011849974282085896, 0.04029145836830139, -0.029568810015916824, 0.0, 0.0, 0.0, 0.0, 0.0, 0.0, 0.0, 0.0025902315974235535, -0.40283775329589844, -1.4947433471679688, -0.3365810215473175, 235.0
1096141, 0.0037888928782194853, -0.3973570466041565, -1.497882604598999, 0.011912567541003227, 0.04100042209029198, -0.030668135732412338, 0.0, 0.0, 0.0, 0.0, 0.0, 0.0, 0.0, 0.0024547278881073, -0.4026474952697754, -1.494558334350586, -0.33646324276924133, 235.0
1096161, 0.0037630475126206875, -0.39745450019836426, -1.4978388547897339, 0.011471659876406193, 0.040366414934396744, -0.03081374429166317, 0.0, 0.0, 0.0, 0.0, 0.0, 0.0, 0.0, 0.0023650527000427246, -0.40262937545776367, -1.4947834014892578, -0.33666208386421204, 235.0
1096181, 0.0038119324017316103, -0.3973006010055542, -1.4979852437973022, 0.011855050921440125, 0.040837716311216354, -0.0314832478761673, 0.0, 0.0, 0.0, 0.0, 0.0, 0.0, 0.0, 0.0024390332400798798, -0.4026317596435547, -1.4947891235351562, -0.33660653233528137, 240.0
1096201, 0.003789722453802824, -0.39740896224975586, -1.4979273080825806, 0.01140311174094677, 0.040291670709848404, -0.03107599727809429, 0.0, 0.0, 0.0, 0.0, 0.0, 0.0, 0.0, 0.0024010390043258667, -0.40287303924560547, -1.4947853088378906, -0.33486559987068176, 240.0
1096221, 0.0037746168673038483, -0.3974880874156952, -1.4978904724121094, 0.01128015574067831, 0.03991266340017319, -0.030925950035452843, 0.0, 0.0, 0.0, 0.0, 0.0, 0.0, 0.0, 0.0023870058357715607, -0.40262413024902344, -1.4946327209472656, -0.33388450741767883, 240.0
1096242, 0.0037857089191675186, -0.39732861518859863, -1.4980345964431763, 0.011819686740636826, 0.040320731699466705, -0.03179439157247543, 0.0, 0.0, 0.0, 0.0, 0.0, 0.0, 0.0, 0.001996830105781555, -0.4028282165527344, -1.4947128295898438, -0.33239471912384033, 240.0
1096261, 0.0037994843441993, -0.39742007851600647, -1.4979846477508545, 0.011882820166647434, 0.03971438109874725, -0.03174120560288429, 0.0, 0.0, 0.0, 0.0, 0.0, 0.0, 0.0, 0.0026475749909877777, -0.4028921127319336, -1.4947376251220703, -0.33136019110679626, 240.0
1096281, 0.0038535676430910826, -0.3972848355770111, -1.4981276988983154, 0.011953802779316902, 0.03995348885655403, -0.03213583305478096, 0.0, 0.0, 0.0, 0.0, 0.0, 0.0, 0.0, 0.002523820847272873, -0.4027519226074219, -1.4947490692138672, -0.33117014169692993, 238.0
1096301, 0.00383556354790926, -0.3972936272621155, -1.4981586933135986, 0.012112973257899284, 0.039588965475559235, -0.031945765018463135, 0.0, 0.0, 0.0, 0.0, 0.0, 0.0, 0.0, 0.002107091248035431, -0.40288829803466797, -1.4948043823242188, -0.33008652925491333, 238.0
1096321, 0.003870137268677354, -0.39728885889053345, -1.4981744289398193, 0.012173039838671684, 0.039681483060121536, -0.031988900154829025, 0.0, 0.0, 0.0, 0.0, 0.0, 0.0, 0.0, 0.0023618824779987335, -0.4025449752807617, -1.4946022033691406, -0.3303995430469513, 238.0
1096342, 0.003909139893949032, -0.39719298481941223, -1.4982739686965942, 0.012646470218896866, 0.04016482084989548, -0.03267287835478783, 0.0, 0.0, 0.0, 0.0, 0.0, 0.0, 0.0, 0.002530280500650406, -0.40290260314941406, -1.4946117401123047, -0.32893335819244385, 238.0
1096361, 0.003893728367984295, -0.39729100465774536, -1.4982048273086548, 0.01249575987458229, 0.0397932231426239, -0.032130345702171326, 0.0, 0.0, 0.0, 0.0, 0.0, 0.0, 0.0, 0.0023809783160686493, -0.40261173248291016, -1.4947528839111328, -0.3282373547554016, 238.0
1096381, 0.003802862484008074, -0.3975635766983032, -1.4980013370513916, 0.01214552205055952, 0.038709964603185654, -0.03087947517633438, 0.0, 0.0, 0.0, 0.0, 0.0, 0.0, 0.0, 0.002392958849668503, -0.40294885635375977, -1.4947948455810547, -0.32734692096710205, 239.0
1096401, 0.0038970569148659706, -0.3972897231578827, -1.498207688331604, 0.012734601274132729, 0.0395856574177742, -0.031677741557359695, 0.0, 0.0, 0.0, 0.0, 0.0, 0.0, 0.0, 0.0025544241070747375, -0.40260839462280273, -1.4946880340576172, -0.3263969123363495, 239.0
1096421, 0.0038960305973887444, -0.3973757028579712, -1.4981205463409424, 0.012841464020311832, 0.039311282336711884, -0.03108462691307068, 0.0, 0.0, 0.0, 0.0, 0.0, 0.0, 0.0, 0.0023824498057365417, -0.40290260314941406, -1.4947471618652344, -0.32527872920036316, 239.0
1096441, 0.0038306405767798424, -0.3975948393344879, -1.4979432821273804, 0.01234591007232666, 0.03867703303694725, -0.030178340151906013, 0.0, 0.0, 0.0, 0.0, 0.0, 0.0, 0.0, 0.002275463193655014, -0.40287208557128906, -1.494760513305664, -0.3248598277568817, 239.0
1096461, 0.003799045691266656, -0.3977137506008148, -1.4978348016738892, 0.012120585888624191, 0.03807977959513664, -0.029263893142342567, 0.0, 0.0, 0.0, 0.0, 0.0, 0.0, 0.0, 0.0021362006664276123, -0.40289306640625, -1.4947338104248047, -0.32420921325683594, 239.0
1096481, 0.0038362829945981503, -0.3976020812988281, -1.4979074001312256, 0.012082468718290329, 0.0382671132683754, -0.029549894854426384, 0.0, 0.0, 0.0, 0.0, 0.0, 0.0, 0.0, 0.0023696981370449066, -0.4026298522949219, -1.4947261810302734, -0.32437336444854736, 241.0
1096501, 0.003821655875071883, -0.3977105915546417, -1.497809886932373, 0.012026644311845303, 0.03775555640459061, -0.029000788927078247, 0.0, 0.0, 0.0, 0.0, 0.0, 0.0, 0.0, 0.0021952949464321136, -0.4029707908630371, -1.4947338104248047, -0.32396242022514343, 241.0
1096521, 0.0038495322223752737, -0.3976230025291443, -1.497865080833435, 0.012294327840209007, 0.03819791227579117, -0.029251378029584885, 0.0, 0.0, 0.0, 0.0, 0.0, 0.0, 0.0, 0.002398911863565445, -0.40285778045654297, -1.4946880340576172, -0.3223041296005249, 241.0
1096542, 0.003831637091934681, -0.3977068066596985, -1.4977774620056152, 0.012199483811855316, 0.038072098046541214, -0.02868400327861309, 0.0, 0.0, 0.0, 0.0, 0.0, 0.0, 0.0, 0.0025698356330394745, -0.4026908874511719, -1.4946918487548828, -0.3229518532752991, 241.0
1096561, 0.0038216100074350834, -0.39779993891716003, -1.4976953268051147, 0.012114126235246658, 0.03783346712589264, -0.028468584641814232, 0.0, 0.0, 0.0, 0.0, 0.0, 0.0, 0.0, 0.0020504817366600037, -0.4029679298400879, -1.494729995727539, -0.32198235392570496, 241.0
1096581, 0.003827884094789624, -0.3976902365684509, -1.4977695941925049, 0.01205411460250616, 0.038110505789518356, -0.029040109366178513, 0.0, 0.0, 0.0, 0.0, 0.0, 0.0, 0.0, 0.0019956380128860474, -0.40300989151000977, -1.4947452545166016, -0.32027146220207214, 239.0
1096601, 0.0038249834906309843, -0.3977847993373871, -1.4976872205734253, 0.012387643568217754, 0.037517864257097244, -0.02884026989340782, 0.0, 0.0, 0.0, 0.0, 0.0, 0.0, 0.0, 0.002882830798625946, -0.4024372100830078, -1.4946613311767578, -0.31971442699432373, 239.0
1096621, 0.003864753060042858, -0.3976840376853943, -1.4977736473083496, 0.012397748418152332, 0.03803000599145889, -0.029359489679336548, 0.0, 0.0, 0.0, 0.0, 0.0, 0.0, 0.0, 0.0019270479679107666, -0.40283823013305664, -1.4946365356445312, -0.3182920515537262, 239.0
1096641, 0.0038455252069979906, -0.39775630831718445, -1.4977232217788696, 0.012298457324504852, 0.03758437559008598, -0.02916058711707592, 0.0, 0.0, 0.0, 0.0, 0.0, 0.0, 0.0, 0.0023234859108924866, -0.40291309356689453, -1.4947261810302734, -0.3186810612678528, 239.0
1096661, 0.00382033409550786, -0.39786669611930847, -1.4976476430892944, 0.012050792574882507, 0.037590786814689636, -0.029098764061927795, 0.0, 0.0, 0.0, 0.0, 0.0, 0.0, 0.0, 0.002344653010368347, -0.4027552604675293, -1.4945144653320312, -0.3194359838962555, 239.0
1096682, 0.003843258135020733, -0.3977401554584503, -1.4977573156356812, 0.01196987647563219, 0.03837529942393303, -0.029809191823005676, 0.0, 0.0, 0.0, 0.0, 0.0, 0.0, 0.0, 0.002040024846792221, -0.4029660224914551, -1.4946537017822266, -0.3182711899280548, 237.0
1096701, 0.0037921180482953787, -0.3978135585784912, -1.4976873397827148, 0.011597289703786373, 0.03838356211781502, -0.029849059879779816, 0.0, 0.0, 0.0, 0.0, 0.0, 0.0, 0.0, 0.00011895224452018738, -0.4020719528198242, -1.4934196472167969, -0.3163214325904846, 237.0
1096721, 0.003855286631733179, -0.397671639919281, -1.497805118560791, 0.012088960967957973, 0.03893611207604408, -0.030354563146829605, 0.0, 0.0, 0.0, 0.0, 0.0, 0.0, 0.0, 0.002378176897764206, -0.4028482437133789, -1.4947948455810547, -0.31353560090065, 237.0
1096742, 0.0038332787808030844, -0.39773762226104736, -1.4977805614471436, 0.012156201526522636, 0.03862806037068367, -0.030145313590765, 0.0, 0.0, 0.0, 0.0, 0.0, 0.0, 0.0, 0.0021012872457504272, -0.4028463363647461, -1.4947509765625, -0.3128259778022766, 237.0
1096761, 0.0037950631231069565, -0.39776521921157837, -1.4977710247039795, 0.011845773085951805, 0.038482364267110825, -0.029931988567113876, 0.0, 0.0, 0.0, 0.0, 0.0, 0.0, 0.0, 0.002506222575902939, -0.4028201103210449, -1.494741439819336, -0.311311274766922, 237.0
1096782, 0.0038659453857690096, -0.3976164758205414, -1.4978727102279663, 0.012010917998850346, 0.03909538313746452, -0.03044634871184826, 0.0, 0.0, 0.0, 0.0, 0.0, 0.0, 0.0, 0.002385001629590988, -0.4029879570007324, -1.4946556091308594, -0.3098657429218292, 239.0
1096801, 0.0038505715783685446, -0.39768531918525696, -1.497842788696289, 0.011989262886345387, 0.038798823952674866, -0.03047013469040394, 0.0, 0.0, 0.0, 0.0, 0.0, 0.0, 0.0, 0.0024461783468723297, -0.4030570983886719, -1.4947395324707031, -0.3090377449989319, 239.0
1096821, 0.003797255689278245, -0.39777034521102905, -1.4977834224700928, 0.011745651252567768, 0.03832252323627472, -0.030091743916273117, 0.0, 0.0, 0.0, 0.0, 0.0, 0.0, 0.0, 0.002093721181154251, -0.40246105194091797, -1.4945697784423828, -0.30973079800605774, 239.0
1096842, 0.003797437297180295, -0.3976197838783264, -1.4978697299957275, 0.01187326293438673, 0.038718126714229584, -0.03062337450683117, 0.0, 0.0, 0.0, 0.0, 0.0, 0.0, 0.0, 0.0024113617837429047, -0.4028921127319336, -1.494720458984375, -0.30922332406044006, 239.0
1096861, 0.00380027131177485, -0.3977019488811493, -1.4978439807891846, 0.011669084429740906, 0.03821558877825737, -0.03046787902712822, 0.0, 0.0, 0.0, 0.0, 0.0, 0.0, 0.0, 0.002472061663866043, -0.4028940200805664, -1.4949569702148438, -0.30834048986434937, 239.0
1096882, 0.003835078328847885, -0.3975858986377716, -1.497961401939392, 0.01182624138891697, 0.03836611658334732, -0.031004833057522774, 0.0, 0.0, 0.0, 0.0, 0.0, 0.0, 0.0, 0.0022626444697380066, -0.4028816223144531, -1.4947834014892578, -0.3082082271575928, 237.0
1096901, 0.0038319407030940056, -0.39761853218078613, -1.4979429244995117, 0.012019753456115723, 0.03804600238800049, -0.030496379360556602, 0.0, 0.0, 0.0, 0.0, 0.0, 0.0, 0.0, 0.0027175024151802063, -0.4025454521179199, -1.494598388671875, -0.30717581510543823, 237.0
1096921, 0.0038332922849804163, -0.39767006039619446, -1.4979101419448853, 0.01219415944069624, 0.037527818232774734, -0.029874276369810104, 0.0, 0.0, 0.0, 0.0, 0.0, 0.0, 0.0, 0.0024976953864097595, -0.4027442932128906, -1.4947795867919922, -0.3127756416797638, 237.0
1096941, 0.0038628652691841125, -0.39757534861564636, -1.4979910850524902, 0.012129588983952999, 0.0378090925514698, -0.030026813969016075, 0.0, 0.0, 0.0, 0.0, 0.0, 0.0, 0.0, 0.0023849308490753174, -0.40267133712768555, -1.4946784973144531, -0.3122691512107849, 237.0
1096961, 0.003839557757601142, -0.3976750671863556, -1.497912049293518, 0.012161238119006157, 0.0371989980340004, -0.0295136459171772, 0.0, 0.0, 0.0, 0.0, 0.0, 0.0, 0.0, 0.0022416189312934875, -0.40289306640625, -1.494852066040039, -0.31120768189430237, 237.0
1096981, 0.0039058683905750513, -0.3974718749523163, -1.4980720281600952, 0.012280263938009739, 0.03758832812309265, -0.03005267307162285, 0.0, 0.0, 0.0, 0.0, 0.0, 0.0, 0.0, 0.0023145899176597595, -0.4028019905090332, -1.4947357177734375, -0.31003236770629883, 242.0
1097001, 0.003904039040207863, -0.3976012170314789, -1.4979586601257324, 0.012193415313959122, 0.036853641271591187, -0.029312990605831146, 0.0, 0.0, 0.0, 0.0, 0.0, 0.0, 0.0, 0.0025956109166145325, -0.4025535583496094, -1.4947185516357422, -0.3089667558670044, 242.0
1097021, 0.003945083823055029, -0.39747244119644165, -1.49806809425354, 0.012572884559631348, 0.0374111607670784, -0.029902121052145958, 0.0, 0.0, 0.0, 0.0, 0.0, 0.0, 0.0, 0.002321310341358185, -0.40291309356689453, -1.4946327209472656, -0.3090527355670929, 242.0
1097041, 0.003914819564670324, -0.39761003851890564, -1.4979565143585205, 0.012698004953563213, 0.03663640469312668, -0.029278723523020744, 0.0, 0.0, 0.0, 0.0, 0.0, 0.0, 0.0, 0.0021385103464126587, -0.4029231071472168, -1.4947032928466797, -0.30918699502944946, 242.0
1097061, 0.0038746935315430164, -0.3977532386779785, -1.4978376626968384, 0.012662126682698727, 0.0359584279358387, -0.028594883158802986, 0.0, 0.0, 0.0, 0.0, 0.0, 0.0, 0.0, 0.002087228000164032, -0.40281248092651367, -1.494720458984375, -0.3077961206436157, 242.0
1097081, 0.003936288878321648, -0.39764219522476196, -1.497912883758545, 0.012923459522426128, 0.03638786822557449, -0.02898421138525009, 0.0, 0.0, 0.0, 0.0, 0.0, 0.0, 0.0, 0.0023524537682533264, -0.40281152725219727, -1.4947280883789062, -0.30643266439437866, 237.0
1097101, 0.003909899387508631, -0.39776021242141724, -1.4978094100952148, 0.012318369932472706, 0.035762012004852295, -0.02829539030790329, 0.0, 0.0, 0.0, 0.0, 0.0, 0.0, 0.0, 0.0022372007369995117, -0.4030795097351074, -1.4946842193603516, -0.3031216561794281, 237.0
1097121, 0.003929164260625839, -0.39767754077911377, -1.4978731870651245, 0.012132917530834675, 0.03612057864665985, -0.028365932404994965, 0.0, 0.0, 0.0, 0.0, 0.0, 0.0, 0.0, 0.0023705363273620605, -0.40276670455932617, -1.4946937561035156, -0.3018093705177307, 237.0
1097141, 0.003915948327630758, -0.3977624773979187, -1.4977892637252808, 0.012013153173029423, 0.035848185420036316, -0.028439098969101906, 0.0, 0.0, 0.0, 0.0, 0.0, 0.0, 0.0, 0.002490069717168808, -0.4028654098510742, -1.4948005676269531, -0.3007689118385315, 237.0
1097161, 0.0038771596737205982, -0.3978964686393738, -1.497689127922058, 0.011666054837405682, 0.03524687513709068, -0.028279481455683708, 0.0, 0.0, 0.0, 0.0, 0.0, 0.0, 0.0, 0.0023112595081329346, -0.40305089950561523, -1.4947395324707031, -0.29876193404197693, 237.0
1097181, 0.0038917295169085264, -0.39779502153396606, -1.4977823495864868, 0.011764749884605408, 0.035746846348047256, -0.028902407735586166, 0.0, 0.0, 0.0, 0.0, 0.0, 0.0, 0.0, 0.0023333728313446045, -0.40305328369140625, -1.4946937561035156, -0.29757869243621826, 236.0
1097201, 0.0038525632116943598, -0.397909015417099, -1.4977149963378906, 0.011774420738220215, 0.03541852533817291, -0.02875560149550438, 0.0, 0.0, 0.0, 0.0, 0.0, 0.0, 0.0, 0.002239089459180832, -0.40291547775268555, -1.494791030883789, -0.2961772382259369, 236.0
1097221, 0.003869337495416403, -0.3977629840373993, -1.4977785348892212, 0.011907929554581642, 0.035949647426605225, -0.029263893142342567, 0.0, 0.0, 0.0, 0.0, 0.0, 0.0, 0.0, 0.002232242375612259, -0.40278100967407227, -1.494802474975586, -0.29394838213920593, 236.0
1097241, 0.003852836787700653, -0.39787641167640686, -1.4977660179138184, 0.011997162364423275, 0.03567333146929741, -0.02947882190346718, 0.0, 0.0, 0.0, 0.0, 0.0, 0.0, 0.0, 0.0025633536279201508, -0.40326786041259766, -1.4950942993164062, -0.29194581508636475, 236.0
1097261, 0.0038195878732949495, -0.39798104763031006, -1.4977079629898071, 0.01180648896843195, 0.0350496880710125, -0.029704386368393898, 0.0, 0.0, 0.0, 0.0, 0.0, 0.0, 0.0, 0.0025110840797424316, -0.4025859832763672, -1.4946308135986328, -0.2907034158706665, 236.0
1097281, 0.003855352755635977, -0.39786431193351746, -1.4978405237197876, 0.01200257707387209, 0.03553915023803711, -0.03064933978021145, 0.0, 0.0, 0.0, 0.0, 0.0, 0.0, 0.0, 0.0022186078131198883, -0.4027843475341797, -1.4946575164794922, -0.2911520004272461, 241.0
1097301, 0.0038370168767869473, -0.3979322612285614, -1.4978315830230713, 0.01186962891370058, 0.0351831428706646, -0.030928531661629677, 0.0, 0.0, 0.0, 0.0, 0.0, 0.0, 0.0, 0.0025267675518989563, -0.4028654098510742, -1.4947929382324219, -0.2891891300678253, 241.0
1097321, 0.003880653064697981, -0.39781805872917175, -1.4979662895202637, 0.012012522667646408, 0.035402487963438034, -0.03176432475447655, 0.0, 0.0, 0.0, 0.0, 0.0, 0.0, 0.0, 0.002247855067253113, -0.4028897285461426, -1.4947700500488281, -0.2886308431625366, 241.0
1097341, 0.0038759391754865646, -0.3978884816169739, -1.4979544878005981, 0.011773841455578804, 0.03535322844982147, -0.03180219233036041, 0.0, 0.0, 0.0, 0.0, 0.0, 0.0, 0.0, 0.0027384236454963684, -0.4029417037963867, -1.4946861267089844, -0.2884764075279236, 241.0
1097361, 0.003831001929938793, -0.39798620343208313, -1.4979115724563599, 0.011800245381891727, 0.03495144098997116, -0.031455788761377335, 0.0, 0.0, 0.0, 0.0, 0.0, 0.0, 0.0, 0.0024558715522289276, -0.40279197692871094, -1.4947032928466797, -0.28710347414016724, 241.0
1097381, 0.0038766879588365555, -0.39787358045578003, -1.4980508089065552, 0.012414167635142803, 0.03557237610220909, -0.03209332749247551, 0.0, 0.0, 0.0, 0.0, 0.0, 0.0, 0.0, 0.002448238432407379, -0.40310192108154297, -1.4946651458740234, -0.28556206822395325, 238.0
1097401, 0.003870551474392414, -0.3978923559188843, -1.4980731010437012, 0.012533334083855152, 0.035825833678245544, -0.032636795192956924, 0.0, 0.0, 0.0, 0.0, 0.0, 0.0, 0.0, 0.002276364713907242, -0.402895450592041, -1.4947376251220703, -0.2835007905960083, 238.0
1097421, 0.003921868745237589, -0.397758811712265, -1.4982041120529175, 0.012654327787458897, 0.036402627825737, -0.0334523506462574, 0.0, 0.0, 0.0, 0.0, 0.0, 0.0, 0.0, 0.0021602436900138855, -0.4027585983276367, -1.4946041107177734, -0.2814645767211914, 238.0
1097441, 0.0038933497853577137, -0.39783841371536255, -1.4981729984283447, 0.012399482540786266, 0.03591453656554222, -0.03329535946249962, 0.0, 0.0, 0.0, 0.0, 0.0, 0.0, 0.0, 0.0023600757122039795, -0.4029808044433594, -1.494741439819336, -0.27962058782577515, 238.0
1097461, 0.0038639900740236044, -0.3978422284126282, -1.4981576204299927, 0.012235088273882866, 0.0360851064324379, -0.03326702490448952, 0.0, 0.0, 0.0, 0.0, 0.0, 0.0, 0.0, 0.0022218935191631317, -0.40287160873413086, -1.4947986602783203, -0.279378205537796, 238.0
1097482, 0.003925335127860308, -0.39773401618003845, -1.4983046054840088, 0.012629109434783459, 0.03615117818117142, -0.03389546275138855, 0.0, 0.0, 0.0, 0.0, 0.0, 0.0, 0.0, 0.00213039293885231, -0.4029865264892578, -1.4950981140136719, -0.2785857319831848, 238.0
1097501, 0.003895848523825407, -0.39781859517097473, -1.498256802558899, 0.012742990627884865, 0.03561530262231827, -0.0333724319934845, 0.0, 0.0, 0.0, 0.0, 0.0, 0.0, 0.0, 0.002174869179725647, -0.40297603607177734, -1.4946823120117188, -0.277930349111557, 238.0
1097521, 0.0038862708024680614, -0.3978537321090698, -1.4982492923736572, 0.01291939988732338, 0.03545325994491577, -0.033213358372449875, 0.0, 0.0, 0.0, 0.0, 0.0, 0.0, 0.0, 0.002132948487997055, -0.40283203125, -1.4947452545166016, -0.2790375351905823, 238.0
1097542, 0.0038146686274558306, -0.39810237288475037, -1.4980292320251465, 0.012580309994518757, 0.034521494060754776, -0.03201262652873993, 0.0, 0.0, 0.0, 0.0, 0.0, 0.0, 0.0, 0.0023429878056049347, -0.402829647064209, -1.49481201171875, -0.2793818414211273, 238.0
1097561, 0.003800042672082782, -0.3981814682483673, -1.4979548454284668, 0.012472969479858875, 0.034192875027656555, -0.03150147572159767, 0.0, 0.0, 0.0, 0.0, 0.0, 0.0, 0.0, 0.002223912626504898, -0.4029860496520996, -1.4946136474609375, -0.2788788378238678, 238.0
1097582, 0.0038755249697715044, -0.39803656935691833, -1.498091697692871, 0.012743346393108368, 0.034452080726623535, -0.03214098513126373, 0.0, 0.0, 0.0, 0.0, 0.0, 0.0, 0.0, 0.002301938831806183, -0.40307044982910156, -1.4947357177734375, -0.2773086726665497, 236.0
1097601, 0.0038376739248633385, -0.3981124758720398, -1.4980316162109375, 0.012471696361899376, 0.034110959619283676, -0.03149973973631859, 0.0, 0.0, 0.0, 0.0, 0.0, 0.0, 0.0, 0.0021269693970680237, -0.4030141830444336, -1.4946422576904297, -0.27718454599380493, 236.0
1097621, 0.0038039558567106724, -0.3980005085468292, -1.4980326890945435, 0.01249237172305584, 0.03448329120874405, -0.031067904084920883, 0.0, 0.0, 0.0, 0.0, 0.0, 0.0, 0.0, 0.002332497388124466, -0.4028182029724121, -1.4946956634521484, -0.27739274501800537, 236.0
1097642, 0.003858991200104356, -0.39812153577804565, -1.4979861974716187, 0.01265115849673748, 0.03376909717917442, -0.03053176775574684, 0.0, 0.0, 0.0, 0.0, 0.0, 0.0, 0.0, 0.0032429806888103485, -0.4031257629394531, -1.4951801300048828, -0.27568721771240234, 236.0
1097661, 0.0038165177684277296, -0.3982151746749878, -1.497884750366211, 0.012438206002116203, 0.03313896805047989, -0.029703360050916672, 0.0, 0.0, 0.0, 0.0, 0.0, 0.0, 0.0, 0.002217426896095276, -0.4024057388305664, -1.4947643280029297, -0.2755134105682373, 236.0
1097681, 0.0038785929791629314, -0.39812272787094116, -1.497955560684204, 0.012670709751546383, 0.03344374895095825, -0.030087832361459732, 0.0, 0.0, 0.0, 0.0, 0.0, 0.0, 0.0, 0.0024869441986083984, -0.402554988861084, -1.4946670532226562, -0.2753588557243347, 240.0
1097701, 0.0038393274880945683, -0.3982413709163666, -1.4978411197662354, 0.012299660593271255, 0.0330280177295208, -0.02943526580929756, 0.0, 0.0, 0.0, 0.0, 0.0, 0.0, 0.0, 0.002573680132627487, -0.4027523994445801, -1.494577407836914, -0.27331629395484924, 240.0
1097721, 0.0038816456217318773, -0.3981572091579437, -1.4979021549224854, 0.012360265478491783, 0.03312115743756294, -0.029806477949023247, 0.0, 0.0, 0.0, 0.0, 0.0, 0.0, 0.0, 0.002465818077325821, -0.40268898010253906, -1.4946479797363281, -0.2735135853290558, 240.0
1097741, 0.003833628259599209, -0.39825132489204407, -1.4978135824203491, 0.01225032564252615, 0.03284819424152374, -0.02917540818452835, 0.0, 0.0, 0.0, 0.0, 0.0, 0.0, 0.0, 0.0025524646043777466, -0.40279150009155273, -1.4947166442871094, -0.27329114079475403, 240.0
1097761, 0.0038353821728378534, -0.3983514904975891, -1.497707724571228, 0.012359443120658398, 0.03262099623680115, -0.028997091576457024, 0.0, 0.0, 0.0, 0.0, 0.0, 0.0, 0.0, 0.002787284553050995, -0.40267133712768555, -1.4946098327636719, -0.2723705470561981, 240.0
1097781, 0.0038482225500047207, -0.39825546741485596, -1.4977957010269165, 0.012465831823647022, 0.033215489238500595, -0.029491914436221123, 0.0, 0.0, 0.0, 0.0, 0.0, 0.0, 0.0, 0.0019128844141960144, -0.40300655364990234, -1.4947357177734375, -0.2718753218650818, 238.0
1097801, 0.003835533047094941, -0.3983442783355713, -1.4977201223373413, 0.012493975460529327, 0.03267272934317589, -0.029113631695508957, 0.0, 0.0, 0.0, 0.0, 0.0, 0.0, 0.0, 0.00251031294465065, -0.40273475646972656, -1.4946231842041016, -0.2711782455444336, 238.0
1097821, 0.003863769583404064, -0.3982577323913574, -1.4978073835372925, 0.012646143324673176, 0.03304331377148628, -0.02965971641242504, 0.0, 0.0, 0.0, 0.0, 0.0, 0.0, 0.0, 0.00219060480594635, -0.40293359756469727, -1.4946651458740234, -0.27159470319747925, 238.0
1097841, 0.0038548605516552925, -0.3983318507671356, -1.4977507591247559, 0.012694867327809334, 0.0330636091530323, -0.029019063338637352, 0.0, 0.0, 0.0, 0.0, 0.0, 0.0, 0.0, 0.0021462514996528625, -0.402925968170166, -1.4947338104248047, -0.27065110206604004, 238.0
1097861, 0.0038444153033196926, -0.39839044213294983, -1.4976955652236938, 0.012899643741548061, 0.03319582715630531, -0.029025614261627197, 0.0, 0.0, 0.0, 0.0, 0.0, 0.0, 0.0, 0.0028381459414958954, -0.40287208557128906, -1.4948482513427734, -0.2696124017238617, 238.0
1097881, 0.0038434541784226894, -0.3982602655887604, -1.4977595806121826, 0.013041933067142963, 0.03375069424510002, -0.029389450326561928, 0.0, 0.0, 0.0, 0.0, 0.0, 0.0, 0.0, 0.00250433012843132, -0.4027228355407715, -1.494760513305664, -0.2686428427696228, 238.0
1097901, 0.0038767573423683643, -0.3983211815357208, -1.497752070426941, 0.01313273049890995, 0.03355534374713898, -0.029788902029395103, 0.0, 0.0, 0.0, 0.0, 0.0, 0.0, 0.0, 0.003089606761932373, -0.4029560089111328, -1.4950408935546875, -0.2666420638561249, 238.0
1097921, 0.0039258673787117004, -0.39820316433906555, -1.4978554248809814, 0.013090139254927635, 0.034080810844898224, -0.0300859697163105, 0.0, 0.0, 0.0, 0.0, 0.0, 0.0, 0.0, 0.0022872574627399445, -0.40287113189697266, -1.4947528839111328, -0.26672083139419556, 238.0
1097941, 0.003915309440344572, -0.39824602007865906, -1.4978044033050537, 0.013061651028692722, 0.03409631550312042, -0.029936544597148895, 0.0, 0.0, 0.0, 0.0, 0.0, 0.0, 0.0, 0.0022101663053035736, -0.402677059173584, -1.4945659637451172, -0.2655090093612671, 238.0
1097961, 0.003902713069692254, -0.3982456624507904, -1.497805118560791, 0.013108044862747192, 0.03406611829996109, -0.029933640733361244, 0.0, 0.0, 0.0, 0.0, 0.0, 0.0, 0.0, 0.002669733017683029, -0.40277528762817383, -1.4947376251220703, -0.2653120756149292, 238.0
1097982, 0.003922519739717245, -0.39813143014907837, -1.4978810548782349, 0.013455606065690517, 0.03441512957215309, -0.030431345105171204, 0.0, 0.0, 0.0, 0.0, 0.0, 0.0, 0.0, 2.3309141397476196e-05, -0.4023003578186035, -1.493539810180664, -0.2656172513961792, 238.0
1098001, 0.003926629200577736, -0.39817726612091064, -1.497857689857483, 0.013898453675210476, 0.034411925822496414, -0.03022284060716629, 0.0, 0.0, 0.0, 0.0, 0.0, 0.0, 0.0, 0.0022925585508346558, -0.4031233787536621, -1.494882583618164, -0.26459118723869324, 238.0
1098021, 0.0039945198222994804, -0.3980289399623871, -1.4979935884475708, 0.014296825975179672, 0.03493868559598923, -0.030631938949227333, 0.0, 0.0, 0.0, 0.0, 0.0, 0.0, 0.0, 0.002432599663734436, -0.4026308059692383, -1.4946556091308594, -0.26449310779571533, 238.0
1098041, 0.003977837972342968, -0.39809489250183105, -1.497904658317566, 0.014408834278583527, 0.03473089262843132, -0.03017934039235115, 0.0, 0.0, 0.0, 0.0, 0.0, 0.0, 0.0, 0.00020780786871910095, -0.40219688415527344, -1.4935226440429688, -0.2638871371746063, 238.0
1098061, 0.0040659550577402115, -0.39792412519454956, -1.4980640411376953, 0.01512353215366602, 0.03539283573627472, -0.03094485029578209, 0.0, 0.0, 0.0, 0.0, 0.0, 0.0, 0.0, 0.0023862794041633606, -0.4029412269592285, -1.4948196411132812, -0.26303839683532715, 238.0
1098082, 0.0041104829870164394, -0.3979136049747467, -1.498083233833313, 0.015124959871172905, 0.03525646775960922, -0.03148777410387993, 0.0, 0.0, 0.0, 0.0, 0.0, 0.0, 0.0, 0.00233396515250206, -0.4028959274291992, -1.4947338104248047, -0.26116135716438293, 237.0
1098101, 0.004113278817385435, -0.3979409635066986, -1.4980759620666504, 0.01499781385064125, 0.035203397274017334, -0.03154626488685608, 0.0, 0.0, 0.0, 0.0, 0.0, 0.0, 0.0, 0.0021626241505146027, -0.40284299850463867, -1.4947013854980469, -0.2606182098388672, 237.0
1098121, 0.004167844541370869, -0.3978172540664673, -1.4981622695922852, 0.014869126491248608, 0.03534957394003868, -0.031413089483976364, 0.0, 0.0, 0.0, 0.0, 0.0, 0.0, 0.0, 0.002694513648748398, -0.40244150161743164, -1.4946231842041016, -0.26051199436187744, 237.0
1098141, 0.00413123145699501, -0.3979167938232422, -1.4980874061584473, 0.014476186595857143, 0.034902576357126236, -0.031125489622354507, 0.0, 0.0, 0.0, 0.0, 0.0, 0.0, 0.0, 0.0023598894476890564, -0.4030580520629883, -1.4947891235351562, -0.2601907551288605, 237.0
1098161, 0.0041592917405068874, -0.3979284167289734, -1.4980524778366089, 0.01464864518493414, 0.03476303443312645, -0.031305938959121704, 0.0, 0.0, 0.0, 0.0, 0.0, 0.0, 0.0, 0.0025177784264087677, -0.40258359909057617, -1.49468994140625, -0.25943779945373535, 237.0
1098181, 0.004041783977299929, -0.39819198846817017, -1.49783456325531, 0.013994157314300537, 0.033790670335292816, -0.0301668718457222, 0.0, 0.0, 0.0, 0.0, 0.0, 0.0, 0.0, 0.001995254307985306, -0.4029407501220703, -1.49481201171875, -0.2591434717178345, 238.0
1098201, 0.004146996419876814, -0.39795494079589844, -1.4980615377426147, 0.01417311280965805, 0.03407448157668114, -0.031038004904985428, 0.0, 0.0, 0.0, 0.0, 0.0, 0.0, 0.0, 0.00214177742600441, -0.40284299850463867, -1.4947834014892578, -0.2578641176223755, 238.0
1098221, 0.0039946711622178555, -0.39815980195999146, -1.4977837800979614, 0.013836804777383804, 0.03329002484679222, -0.029467472806572914, 0.0, 0.0, 0.0, 0.0, 0.0, 0.0, 0.0, 0.002281181514263153, -0.40293359756469727, -1.4947376251220703, -0.25613442063331604, 238.0
1098241, 0.003992428537458181, -0.3983086943626404, -1.4977295398712158, 0.013640676625072956, 0.03249945864081383, -0.02911718189716339, 0.0, 0.0, 0.0, 0.0, 0.0, 0.0, 0.0, 0.0027643926441669464, -0.4032101631164551, -1.4950618743896484, -0.2546623945236206, 238.0
1098261, 0.004036754369735718, -0.3982207477092743, -1.4978139400482178, 0.013778988271951675, 0.03256771340966225, -0.02950342744588852, 0.0, 0.0, 0.0, 0.0, 0.0, 0.0, 0.0, 0.0023450255393981934, -0.4028162956237793, -1.494741439819336, -0.2529056966304779, 238.0
1098281, 0.003930157050490379, -0.3983002007007599, -1.4976600408554077, 0.013422250747680664, 0.03216950222849846, -0.02877531759440899, 0.0, 0.0, 0.0, 0.0, 0.0, 0.0, 0.0, 0.002142772078514099, -0.4029531478881836, -1.4946441650390625, -0.25178787112236023, 234.0
1098301, 0.003951162099838257, -0.3984227180480957, -1.4976372718811035, 0.013515924103558064, 0.03145858645439148, -0.028870442882180214, 0.0, 0.0, 0.0, 0.0, 0.0, 0.0, 0.0, 0.003171350806951523, -0.4032425880432129, -1.4951972961425781, -0.2510835826396942, 234.0
1098321, 0.004016201943159103, -0.3983311653137207, -1.497738242149353, 0.013872198760509491, 0.03186362609267235, -0.02955683507025242, 0.0, 0.0, 0.0, 0.0, 0.0, 0.0, 0.0, 0.0027676038444042206, -0.4025454521179199, -1.4946365356445312, -0.25011467933654785, 234.0
1098341, 0.003982081077992916, -0.39843425154685974, -1.4976574182510376, 0.013365832157433033, 0.03151332587003708, -0.029106998816132545, 0.0, 0.0, 0.0, 0.0, 0.0, 0.0, 0.0, 0.002042539417743683, -0.40293073654174805, -1.4947128295898438, -0.24941040575504303, 234.0
1098361, 0.003934549167752266, -0.3985249400138855, -1.4976056814193726, 0.01332689169794321, 0.030946824699640274, -0.02915233187377453, 0.0, 0.0, 0.0, 0.0, 0.0, 0.0, 0.0, 0.0020894743502140045, -0.4029541015625, -1.4947052001953125, -0.24710150063037872, 234.0
1098382, 0.0039712791331112385, -0.3984569013118744, -1.4977082014083862, 0.013420674949884415, 0.03138130158185959, -0.029794607311487198, 0.0, 0.0, 0.0, 0.0, 0.0, 0.0, 0.0, 0.0023308098316192627, -0.4029541015625, -1.494729995727539, -0.2471463829278946, 237.0
1098401, 0.003941225819289684, -0.3985343277454376, -1.4976513385772705, 0.013031047768890858, 0.03107302449643612, -0.029600998386740685, 0.0, 0.0, 0.0, 0.0, 0.0, 0.0, 0.0, 0.002483721822500229, -0.402773380279541, -1.4947509765625, -0.2455117255449295, 237.0
1098422, 0.003995346371084452, -0.3984333574771881, -1.4977821111679077, 0.013251099735498428, 0.03156943991780281, -0.030294066295027733, 0.0, 0.0, 0.0, 0.0, 0.0, 0.0, 0.0, 0.0026509910821914673, -0.40282249450683594, -1.4947967529296875, -0.24583466351032257, 237.0
1098441, 0.003970541059970856, -0.39850547909736633, -1.4977209568023682, 0.013282659463584423, 0.03132206201553345, -0.030084511265158653, 0.0, 0.0, 0.0, 0.0, 0.0, 0.0, 0.0, 0.002190869301557541, -0.4027061462402344, -1.494619369506836, -0.24430888891220093, 237.0
1098461, 0.004003515467047691, -0.39842647314071655, -1.4978452920913696, 0.013021065853536129, 0.03134457394480705, -0.03089570812880993, 0.0, 0.0, 0.0, 0.0, 0.0, 0.0, 0.0, 0.002409540116786957, -0.4030308723449707, -1.494771957397461, -0.2425326108932495, 237.0
1098482, 0.003962946590036154, -0.39847585558891296, -1.4978032112121582, 0.01266008522361517, 0.03123852051794529, -0.030929788947105408, 0.0, 0.0, 0.0, 0.0, 0.0, 0.0, 0.0, 0.002282422035932541, -0.40252017974853516, -1.4947128295898438, -0.24160341918468475, 236.0
1098501, 0.003942349459975958, -0.39855843782424927, -1.4977729320526123, 0.012834840454161167, 0.031084127724170685, -0.03078022599220276, 0.0, 0.0, 0.0, 0.0, 0.0, 0.0, 0.0, 0.0020820125937461853, -0.40305662155151367, -1.4947242736816406, -0.23997817933559418, 236.0
1098521, 0.003965083975344896, -0.3984552025794983, -1.4979087114334106, 0.013033420778810978, 0.031570736318826675, -0.03128454461693764, 0.0, 0.0, 0.0, 0.0, 0.0, 0.0, 0.0, 0.0022323429584503174, -0.40309906005859375, -1.4947738647460938, -0.24085633456707, 236.0
1098541, 0.003949355334043503, -0.398514986038208, -1.4978710412979126, 0.012889273464679718, 0.03137975186109543, -0.03078046254813671, 0.0, 0.0, 0.0, 0.0, 0.0, 0.0, 0.0, 0.002400338649749756, -0.40294313430786133, -1.4947547912597656, -0.24056610465049744, 236.0
1098561, 0.003989113494753838, -0.3984169363975525, -1.4979841709136963, 0.01294124498963356, 0.03163740038871765, -0.0311652310192585, 0.0, 0.0, 0.0, 0.0, 0.0, 0.0, 0.0, 0.002207387238740921, -0.4029355049133301, -1.4946670532226562, -0.2396068423986435, 236.0
1098581, 0.003962844144552946, -0.39844125509262085, -1.4979740381240845, 0.01279872003942728, 0.031498558819293976, -0.0310839656740427, 0.0, 0.0, 0.0, 0.0, 0.0, 0.0, 0.0, 0.001951802521944046, -0.4028816223144531, -1.494771957397461, -0.23873385787010193, 236.0
1098601, 0.0039482684805989265, -0.3985159993171692, -1.4978907108306885, 0.01281999796628952, 0.0313199944794178, -0.030466273427009583, 0.0, 0.0, 0.0, 0.0, 0.0, 0.0, 0.0, 0.002286892384290695, -0.40294504165649414, -1.4946975708007812, -0.23797903954982758, 236.0
1098621, 0.0039747473783791065, -0.3984220623970032, -1.4980038404464722, 0.012883921153843403, 0.031469542533159256, -0.030873553827404976, 0.0, 0.0, 0.0, 0.0, 0.0, 0.0, 0.0, 0.0020978040993213654, -0.4030299186706543, -1.4948234558105469, -0.23893940448760986, 236.0
1098641, 0.003914735279977322, -0.3985055387020111, -1.4979172945022583, 0.012936810962855816, 0.031130997464060783, -0.030262669548392296, 0.0, 0.0, 0.0, 0.0, 0.0, 0.0, 0.0, 0.0001356750726699829, -0.4020957946777344, -1.4934673309326172, -0.2399277538061142, 236.0
1098661, 0.0038448942359536886, -0.39854395389556885, -1.4977771043777466, 0.012631135992705822, 0.03092007525265217, -0.029771555215120316, 0.0, 0.0, 0.0, 0.0, 0.0, 0.0, 0.0, 0.0022542625665664673, -0.4028353691101074, -1.4946823120117188, -0.23918883502483368, 236.0
1098682, 0.003919756971299648, -0.3984338045120239, -1.4979599714279175, 0.012861939147114754, 0.031284090131521225, -0.03045492433011532, 0.0, 0.0, 0.0, 0.0, 0.0, 0.0, 0.0, 0.0028169043362140656, -0.40323829650878906, -1.4952888488769531, -0.23961032927036285, 237.0
1098701, 0.003895697183907032, -0.39849358797073364, -1.4978599548339844, 0.013206142000854015, 0.030994214117527008, -0.0299320500344038, 0.0, 0.0, 0.0, 0.0, 0.0, 0.0, 0.0, 0.002229072153568268, -0.4028434753417969, -1.4947757720947266, -0.23949138820171356, 237.0
1098721, 0.003937038127332926, -0.3984256982803345, -1.4979554414749146, 0.013199202716350555, 0.031019030138850212, -0.03028077818453312, 0.0, 0.0, 0.0, 0.0, 0.0, 0.0, 0.0, 0.002139359712600708, -0.4030117988586426, -1.4948291778564453, -0.23981121182441711, 237.0
1098741, 0.003958249464631081, -0.39842861890792847, -1.4979280233383179, 0.013206800445914268, 0.0309730414301157, -0.029880808666348457, 0.0, 0.0, 0.0, 0.0, 0.0, 0.0, 0.0, 0.002687588334083557, -0.40258216857910156, -1.4946441650390625, -0.238163560628891, 237.0
1098761, 0.003914513625204563, -0.3985326290130615, -1.4978294372558594, 0.013067670166492462, 0.03059133142232895, -0.029230542480945587, 0.0, 0.0, 0.0, 0.0, 0.0, 0.0, 0.0, 0.002302125096321106, -0.40306663513183594, -1.4947376251220703, -0.2383553385734558, 237.0
1098781, 0.00396405765786767, -0.39844977855682373, -1.4978865385055542, 0.013265158049762249, 0.03127916529774666, -0.029085557907819748, 0.0, 0.0, 0.0, 0.0, 0.0, 0.0, 0.0, 0.002032887190580368, -0.40303611755371094, -1.4948005676269531, -0.2388303577899933, 242.0
1098801, 0.003958932589739561, -0.398510605096817, -1.4977930784225464, 0.013129405677318573, 0.030927304178476334, -0.028674140572547913, 0.0, 0.0, 0.0, 0.0, 0.0, 0.0, 0.0, 0.0021490640938282013, -0.4028310775756836, -1.4945411682128906, -0.23699074983596802, 242.0
1098821, 0.00396218616515398, -0.39843663573265076, -1.4978386163711548, 0.013210490345954895, 0.03109867498278618, -0.028851641342043877, 0.0, 0.0, 0.0, 0.0, 0.0, 0.0, 0.0, 0.0020866580307483673, -0.4029674530029297, -1.4947376251220703, -0.2371775060892105, 242.0
1098841, 0.003954186569899321, -0.39850687980651855, -1.4977420568466187, 0.01316505391150713, 0.031116405501961708, -0.028691349551081657, 0.0, 0.0, 0.0, 0.0, 0.0, 0.0, 0.0, 0.0028200969099998474, -0.4026761054992676, -1.494668960571289, -0.23615561425685883, 242.0
1098861, 0.0039895218797028065, -0.39842769503593445, -1.497826337814331, 0.012933135963976383, 0.031584810465574265, -0.0291538517922163, 0.0, 0.0, 0.0, 0.0, 0.0, 0.0, 0.0, 0.0023073554039001465, -0.4031081199645996, -1.4947872161865234, -0.23529662191867828, 242.0
1098881, 0.0039506698958575726, -0.3985104262828827, -1.49773108959198, 0.013125323690474033, 0.03120817244052887, -0.028785325586795807, 0.0, 0.0, 0.0, 0.0, 0.0, 0.0, 0.0, 0.002437278628349304, -0.40247678756713867, -1.494558334350586, -0.23390929400920868, 234.0
1098901, 0.0040009464137256145, -0.39839568734169006, -1.4978302717208862, 0.013582329265773296, 0.03133406117558479, -0.02966366708278656, 0.0, 0.0, 0.0, 0.0, 0.0, 0.0, 0.0, 0.002433422952890396, -0.4028792381286621, -1.494720458984375, -0.23374837636947632, 234.0
1098921, 0.003986612893640995, -0.39848411083221436, -1.4977489709854126, 0.013691030442714691, 0.030993953347206116, -0.029322238638997078, 0.0, 0.0, 0.0, 0.0, 0.0, 0.0, 0.0, 0.0023194923996925354, -0.4029579162597656, -1.4947433471679688, -0.2322150319814682, 234.0
1098941, 0.0039357515051960945, -0.39857181906700134, -1.4976965188980103, 0.013265988789498806, 0.030731283128261566, -0.029142698273062706, 0.0, 0.0, 0.0, 0.0, 0.0, 0.0, 0.0, 0.0024888888001441956, -0.40299463272094727, -1.4948234558105469, -0.2318701297044754, 234.0
1098961, 0.003997982945293188, -0.3984726071357727, -1.497793197631836, 0.01353885605931282, 0.030978426337242126, -0.02967391163110733, 0.0, 0.0, 0.0, 0.0, 0.0, 0.0, 0.0, 0.00251639261841774, -0.40253305435180664, -1.4946575164794922, -0.23022250831127167, 234.0
1098981, 0.00396551052108407, -0.39854130148887634, -1.49773371219635, 0.0134770218282938, 0.030615946277976036, -0.029517529532313347, 0.0, 0.0, 0.0, 0.0, 0.0, 0.0, 0.0, 0.002526506781578064, -0.4025440216064453, -1.4947662353515625, -0.22997675836086273, 238.0
1099001, 0.003946170676499605, -0.3986113369464874, -1.4977012872695923, 0.013447881676256657, 0.030348358675837517, -0.029786281287670135, 0.0, 0.0, 0.0, 0.0, 0.0, 0.0, 0.0, 0.0022132396697998047, -0.40289831161499023, -1.4946537017822266, -0.22992408275604248, 238.0
1099021, 0.004012465476989746, -0.3985033631324768, -1.4978299140930176, 0.013474623672664165, 0.030453158542513847, -0.030606437474489212, 0.0, 0.0, 0.0, 0.0, 0.0, 0.0, 0.0, 0.002399016171693802, -0.4025287628173828, -1.4947452545166016, -0.2291717529296875, 238.0
1099041, 0.003970456309616566, -0.3985752463340759, -1.497792363166809, 0.013079443946480751, 0.030400067567825317, -0.030938895419239998, 0.0, 0.0, 0.0, 0.0, 0.0, 0.0, 0.0, 0.0020112767815589905, -0.40285825729370117, -1.494710922241211, -0.22754263877868652, 238.0
1099061, 0.003948122262954712, -0.39864808320999146, -1.4977633953094482, 0.013001724146306515, 0.030414188280701637, -0.031161755323410034, 0.0, 0.0, 0.0, 0.0, 0.0, 0.0, 0.0, 0.002446439117193222, -0.4026145935058594, -1.4947090148925781, -0.22698168456554413, 238.0
1099081, 0.003988423850387335, -0.39854681491851807, -1.4978973865509033, 0.013064556755125523, 0.030590154230594635, -0.03173963725566864, 0.0, 0.0, 0.0, 0.0, 0.0, 0.0, 0.0, 0.0021964050829410553, -0.4029560089111328, -1.4946918487548828, -0.225996732711792, 238.0
1099101, 0.003950425423681736, -0.39859580993652344, -1.4978725910186768, 0.012996743433177471, 0.03043871372938156, -0.03132576122879982, 0.0, 0.0, 0.0, 0.0, 0.0, 0.0, 0.0, 0.0022912435233592987, -0.40279102325439453, -1.494638442993164, -0.22527921199798584, 238.0
1099122, 0.003991459496319294, -0.3984915614128113, -1.4980108737945557, 0.013246612623333931, 0.03088831715285778, -0.031942591071128845, 0.0, 0.0, 0.0, 0.0, 0.0, 0.0, 0.0, 0.0027097314596176147, -0.4026155471801758, -1.4946823120117188, -0.2255236804485321, 238.0
1099141, 0.003975066356360912, -0.3985510766506195, -1.497969388961792, 0.01333294901996851, 0.030580027028918266, -0.031657468527555466, 0.0, 0.0, 0.0, 0.0, 0.0, 0.0, 0.0, 0.0023727864027023315, -0.4028797149658203, -1.4947471618652344, -0.2241515815258026, 238.0
1099161, 0.003945416770875454, -0.3986216187477112, -1.4979150295257568, 0.013171791099011898, 0.030403412878513336, -0.031076539307832718, 0.0, 0.0, 0.0, 0.0, 0.0, 0.0, 0.0, 0.0021620765328407288, -0.40294647216796875, -1.4946937561035156, -0.22419622540473938, 238.0
1099181, 0.003973092883825302, -0.39852431416511536, -1.498019814491272, 0.012970717623829842, 0.030623314902186394, -0.03155267611145973, 0.0, 0.0, 0.0, 0.0, 0.0, 0.0, 0.0, 0.002464558929204941, -0.40268468856811523, -1.4946613311767578, -0.2247336506843567, 237.0
1099201, 0.003965099807828665, -0.3985525965690613, -1.4979974031448364, 0.01307964138686657, 0.030599083751440048, -0.031495727598667145, 0.0, 0.0, 0.0, 0.0, 0.0, 0.0, 0.0, 0.0027121901512145996, -0.4026017189025879, -1.4947166442871094, -0.22384770214557648, 237.0
1099222, 0.004036717116832733, -0.3984147608280182, -1.4981403350830078, 0.013604413717985153, 0.03101259097456932, -0.03202400356531143, 0.0, 0.0, 0.0, 0.0, 0.0, 0.0, 0.0, 0.0024837851524353027, -0.40256214141845703, -1.4946708679199219, -0.22387272119522095, 237.0
1099241, 0.0040184510871768, -0.39846155047416687, -1.4981080293655396, 0.013576599769294262, 0.030465377494692802, -0.03214505314826965, 0.0, 0.0, 0.0, 0.0, 0.0, 0.0, 0.0, 0.0022144168615341187, -0.4025874137878418, -1.4947261810302734, -0.22304211556911469, 237.0
1099261, 0.003995843697339296, -0.39852839708328247, -1.4980472326278687, 0.013191460631787777, 0.030133770778775215, -0.03193410485982895, 0.0, 0.0, 0.0, 0.0, 0.0, 0.0, 0.0, 0.0024627894163131714, -0.4028496742248535, -1.4948253631591797, -0.22378158569335938, 237.0
1099281, 0.004033889155834913, -0.39843499660491943, -1.498165249824524, 0.013316730037331581, 0.03028644248843193, -0.03231707215309143, 0.0, 0.0, 0.0, 0.0, 0.0, 0.0, 0.0, 0.0024586915969848633, -0.4026675224304199, -1.4947166442871094, -0.2222885936498642, 242.0
1099301, 0.003990763798356056, -0.39854228496551514, -1.498076319694519, 0.013132592663168907, 0.03006352111697197, -0.03127561882138252, 0.0, 0.0, 0.0, 0.0, 0.0, 0.0, 0.0, 0.002359136939048767, -0.4028587341308594, -1.4947566986083984, -0.22269582748413086, 242.0
1099322, 0.004033070057630539, -0.3984406590461731, -1.4981763362884521, 0.013206168077886105, 0.030457256361842155, -0.03130802884697914, 0.0, 0.0, 0.0, 0.0, 0.0, 0.0, 0.0, 0.002361241728067398, -0.402738094329834, -1.4947242736816406, -0.22030463814735413, 242.0
1099341, 0.00400898652151227, -0.3985474109649658, -1.4980396032333374, 0.013274877332150936, 0.029985394328832626, -0.03049960546195507, 0.0, 0.0, 0.0, 0.0, 0.0, 0.0, 0.0, 0.0023436658084392548, -0.40298891067504883, -1.494619369506836, -0.22002553939819336, 242.0
1099361, 0.004058524034917355, -0.39843854308128357, -1.498117208480835, 0.013746493496000767, 0.030213557183742523, -0.030828196555376053, 0.0, 0.0, 0.0, 0.0, 0.0, 0.0, 0.0, 0.0020757950842380524, -0.40282297134399414, -1.4946823120117188, -0.2204957902431488, 242.0
1099381, 0.0040231202729046345, -0.39853253960609436, -1.4980281591415405, 0.013686605729162693, 0.029731279239058495, -0.030222712084650993, 0.0, 0.0, 0.0, 0.0, 0.0, 0.0, 0.0, 0.002169128507375717, -0.4030618667602539, -1.4947452545166016, -0.2195984125137329, 239.0
1099401, 0.003997242543846369, -0.39863622188568115, -1.4979041814804077, 0.013538099825382233, 0.029157130047678947, -0.02960212528705597, 0.0, 0.0, 0.0, 0.0, 0.0, 0.0, 0.0, 0.002524428069591522, -0.40297698974609375, -1.4947185516357422, -0.21848511695861816, 239.0
1099421, 0.004041530657559633, -0.3985414206981659, -1.4979888200759888, 0.013716639950871468, 0.029743989929556847, -0.030002405866980553, 0.0, 0.0, 0.0, 0.0, 0.0, 0.0, 0.0, 0.0024383701384067535, -0.4028205871582031, -1.4947261810302734, -0.21915467083454132, 239.0
1099441, 0.004011826124042273, -0.3986280858516693, -1.4978817701339722, 0.013490096665918827, 0.02938033826649189, -0.02906937338411808, 0.0, 0.0, 0.0, 0.0, 0.0, 0.0, 0.0, 0.002208307385444641, -0.40306520462036133, -1.4946956634521484, -0.2189493179321289, 239.0
1099461, 0.004051827825605869, -0.3985309898853302, -1.4979549646377563, 0.013866517692804337, 0.029945874586701393, -0.02955779619514942, 0.0, 0.0, 0.0, 0.0, 0.0, 0.0, 0.0, 0.0028239600360393524, -0.4025883674621582, -1.4946956634521484, -0.21735462546348572, 239.0
1099481, 0.004019655752927065, -0.3985997438430786, -1.4978832006454468, 0.014033358544111252, 0.030095621943473816, -0.029603006318211555, 0.0, 0.0, 0.0, 0.0, 0.0, 0.0, 0.0, 0.0023583881556987762, -0.4029502868652344, -1.4948692321777344, -0.21716129779815674, 242.0
1099501, 0.004070186987519264, -0.3985069692134857, -1.4979678392410278, 0.014304635114967823, 0.030523095279932022, -0.030148634687066078, 0.0, 0.0, 0.0, 0.0, 0.0, 0.0, 0.0, 0.0024890080094337463, -0.4030342102050781, -1.4946708679199219, -0.21674852073192596, 242.0
1099521, 0.0040536546148359776, -0.3985592722892761, -1.4978959560394287, 0.014266046695411205, 0.03057069331407547, -0.029926011338829994, 0.0, 0.0, 0.0, 0.0, 0.0, 0.0, 0.0, 0.0023682676255702972, -0.4029812812805176, -1.4947338104248047, -0.21654175221920013, 242.0
1099541, 0.004049254115670919, -0.3986184895038605, -1.4978238344192505, 0.014379817061126232, 0.030374370515346527, -0.029833192005753517, 0.0, 0.0, 0.0, 0.0, 0.0, 0.0, 0.0, 0.002330593764781952, -0.4026165008544922, -1.4946613311767578, -0.21527527272701263, 242.0
1099561, 0.004114014562219381, -0.3985172212123871, -1.4979397058486938, 0.014497445896267891, 0.030582245439291, -0.030496342107653618, 0.0, 0.0, 0.0, 0.0, 0.0, 0.0, 0.0, 0.0022913701832294464, -0.40290307998657227, -1.4948616027832031, -0.21330882608890533, 242.0
1099581, 0.0040916078723967075, -0.3985506296157837, -1.4978948831558228, 0.014471430331468582, 0.030675411224365234, -0.030252305790781975, 0.0, 0.0, 0.0, 0.0, 0.0, 0.0, 0.0, 0.0020274892449378967, -0.4028940200805664, -1.4947471618652344, -0.21233585476875305, 240.0
1099601, 0.004141476936638355, -0.39845722913742065, -1.498001217842102, 0.014260025694966316, 0.031052883714437485, -0.030907902866601944, 0.0, 0.0, 0.0, 0.0, 0.0, 0.0, 0.0, 0.00250987708568573, -0.4028787612915039, -1.4947376251220703, -0.21182824671268463, 240.0
1099621, 0.004116063471883535, -0.39851316809654236, -1.4979541301727295, 0.014196750707924366, 0.030813783407211304, -0.030891260132193565, 0.0, 0.0, 0.0, 0.0, 0.0, 0.0, 0.0, 0.0025121979415416718, -0.402587890625, -1.4947280883789062, -0.21004627645015717, 240.0
1099641, 0.004095021169632673, -0.3985786736011505, -1.4978864192962646, 0.014017126522958279, 0.03056074120104313, -0.03065209835767746, 0.0, 0.0, 0.0, 0.0, 0.0, 0.0, 0.0, 0.002451092004776001, -0.4026026725769043, -1.494729995727539, -0.2099723368883133, 240.0
1099661, 0.004132218658924103, -0.39847758412361145, -1.4980095624923706, 0.014093007892370224, 0.030761169269680977, -0.031089019030332565, 0.0, 0.0, 0.0, 0.0, 0.0, 0.0, 0.0, 0.002497434616088867, -0.40294647216796875, -1.4947643280029297, -0.20951999723911285, 240.0
1099681, 0.004117825999855995, -0.3984912633895874, -1.4980069398880005, 0.01399083063006401, 0.030874723568558693, -0.031311314553022385, 0.0, 0.0, 0.0, 0.0, 0.0, 0.0, 0.0, 0.00217650830745697, -0.40288257598876953, -1.4946880340576172, -0.20968618988990784, 240.0
1099701, 0.004057581070810556, -0.39857038855552673, -1.4979462623596191, 0.01380074117332697, 0.03059244342148304, -0.031195564195513725, 0.0, 0.0, 0.0, 0.0, 0.0, 0.0, 0.0, 0.002206668257713318, -0.40280675888061523, -1.4947471618652344, -0.20943908393383026, 240.0
1099722, 0.004134554415941238, -0.39843928813934326, -1.4980758428573608, 0.013951994478702545, 0.03080310858786106, -0.031885869801044464, 0.0, 0.0, 0.0, 0.0, 0.0, 0.0, 0.0, 0.0026909708976745605, -0.4024934768676758, -1.4945964813232422, -0.21051627397537231, 240.0
1099741, 0.004125094506889582, -0.39846134185791016, -1.4980759620666504, 0.013921501114964485, 0.030472062528133392, -0.03188760578632355, 0.0, 0.0, 0.0, 0.0, 0.0, 0.0, 0.0, 0.0023141279816627502, -0.40298938751220703, -1.4947566986083984, -0.20911194384098053, 240.0
1099762, 0.004026238340884447, -0.3986359238624573, -1.497921347618103, 0.013413641601800919, 0.02988637425005436, -0.031133370473980904, 0.0, 0.0, 0.0, 0.0, 0.0, 0.0, 0.0, 0.002184007316827774, -0.40296411514282227, -1.494699478149414, -0.21004630625247955, 240.0
1099781, 0.003979665692895651, -0.39871469140052795, -1.4978512525558472, 0.013131273910403252, 0.02966528944671154, -0.030707374215126038, 0.0, 0.0, 0.0, 0.0, 0.0, 0.0, 0.0, 0.002523716539144516, -0.4028949737548828, -1.494832992553711, -0.20939739048480988, 241.0
1099801, 0.004080402199178934, -0.39846882224082947, -1.4981056451797485, 0.013395939953625202, 0.03096010349690914, -0.031360261142253876, 0.0, 0.0, 0.0, 0.0, 0.0, 0.0, 0.0, 0.002524539828300476, -0.40279626846313477, -1.4947929382324219, -0.20847764611244202, 241.0
1099822, 0.003996876999735832, -0.39862510561943054, -1.4979342222213745, 0.012942714616656303, 0.03050798922777176, -0.030463382601737976, 0.0, 0.0, 0.0, 0.0, 0.0, 0.0, 0.0, 0.0024396777153015137, -0.4028658866882324, -1.4947338104248047, -0.20772488415241241, 241.0
1099841, 0.003963269293308258, -0.39865025877952576, -1.4978760480880737, 0.012737855315208435, 0.030485207214951515, -0.030053304508328438, 0.0, 0.0, 0.0, 0.0, 0.0, 0.0, 0.0, 0.001980159431695938, -0.40279722213745117, -1.4946575164794922, -0.20909935235977173, 241.0
1099861, 0.003999161534011364, -0.3985427916049957, -1.4979561567306519, 0.012795263901352882, 0.030971931293606758, -0.03026796132326126, 0.0, 0.0, 0.0, 0.0, 0.0, 0.0, 0.0, 0.0022218897938728333, -0.40305280685424805, -1.4947013854980469, -0.20793946087360382, 241.0
1099881, 0.003958838526159525, -0.398610919713974, -1.4978793859481812, 0.012636896222829819, 0.030541015788912773, -0.02991248294711113, 0.0, 0.0, 0.0, 0.0, 0.0, 0.0, 0.0, 0.0021222010254859924, -0.40296506881713867, -1.4946403503417969, -0.20840395987033844, 237.0
1099901, 0.0039008536841720343, -0.3986961543560028, -1.4977833032608032, 0.012584490701556206, 0.030119167640805244, -0.0294038113206625, 0.0, 0.0, 0.0, 0.0, 0.0, 0.0, 0.0, 0.002109147608280182, -0.40289926528930664, -1.4946842193603516, -0.20642738044261932, 237.0
1099922, 0.003938272129744291, -0.3986080586910248, -1.4978572130203247, 0.012579109519720078, 0.029970906674861908, -0.029634220525622368, 0.0, 0.0, 0.0, 0.0, 0.0, 0.0, 0.0, 0.0023336634039878845, -0.40293264389038086, -1.4947128295898438, -0.20587271451950073, 237.0
1099941, 0.003926659468561411, -0.3986791670322418, -1.4977643489837646, 0.012781578116118908, 0.0293266698718071, -0.028924603015184402, 0.0, 0.0, 0.0, 0.0, 0.0, 0.0, 0.0, 0.0024960599839687347, -0.40268611907958984, -1.4947090148925781, -0.2049770951271057, 237.0
1099961, 0.003944917116314173, -0.398617148399353, -1.497829794883728, 0.013124024495482445, 0.029462173581123352, -0.02880781702697277, 0.0, 0.0, 0.0, 0.0, 0.0, 0.0, 0.0, 0.0015945471823215485, -0.4029974937438965, -1.4947662353515625, -0.2052077054977417, 237.0
1099981, 0.0039227684028446674, -0.3986828923225403, -1.497700572013855, 0.012859397567808628, 0.029009664431214333, -0.028156302869319916, 0.0, 0.0, 0.0, 0.0, 0.0, 0.0, 0.0, 0.002290487289428711, -0.4028754234313965, -1.494710922241211, -0.20392391085624695, 238.0
1100001, 0.003944706171751022, -0.39864251017570496, -1.4977632761001587, 0.012934003956615925, 0.02883933112025261, -0.028316499665379524, 0.0, 0.0, 0.0, 0.0, 0.0, 0.0, 0.0, 0.0023833513259887695, -0.4030928611755371, -1.4948539733886719, -0.2014741748571396, 238.0
1100021, 0.003925742115825415, -0.398733526468277, -1.4976747035980225, 0.012805159203708172, 0.028098518028855324, -0.027770457789301872, 0.0, 0.0, 0.0, 0.0, 0.0, 0.0, 0.0, 0.002392951399087906, -0.4028468132019043, -1.494729995727539, -0.2009393721818924, 238.0
1100041, 0.0038867974653840065, -0.3988299071788788, -1.4975833892822266, 0.012587161734700203, 0.02732192724943161, -0.027671515941619873, 0.0, 0.0, 0.0, 0.0, 0.0, 0.0, 0.0, 0.0024353936314582825, -0.4025130271911621, -1.494619369506836, -0.20120979845523834, 238.0
1100061, 0.003917648456990719, -0.39876240491867065, -1.4976683855056763, 0.012121915817260742, 0.027316922321915627, -0.028321264311671257, 0.0, 0.0, 0.0, 0.0, 0.0, 0.0, 0.0, 0.002350296825170517, -0.4025535583496094, -1.4948158264160156, -0.19877734780311584, 238.0
1100081, 0.003863645950332284, -0.3988489806652069, -1.4976108074188232, 0.011888137087225914, 0.026884453371167183, -0.028187217190861702, 0.0, 0.0, 0.0, 0.0, 0.0, 0.0, 0.0, 0.0025838911533355713, -0.40272951126098633, -1.4946575164794922, -0.19790789484977722, 239.0
1100101, 0.0038360166363418102, -0.398952454328537, -1.4975517988204956, 0.012197555974125862, 0.02651338279247284, -0.028594857081770897, 0.0, 0.0, 0.0, 0.0, 0.0, 0.0, 0.0, 0.0022707171738147736, -0.4030470848083496, -1.4947357177734375, -0.19764360785484314, 239.0
1100121, 0.00385042792186141, -0.39889201521873474, -1.4976568222045898, 0.012174041010439396, 0.026793086901307106, -0.029205936938524246, 0.0, 0.0, 0.0, 0.0, 0.0, 0.0, 0.0, 0.002354707568883896, -0.40299415588378906, -1.4947032928466797, -0.19678829610347748, 239.0
1100141, 0.003807161469012499, -0.39899447560310364, -1.497602939605713, 0.011772949248552322, 0.026734936982393265, -0.02913649007678032, 0.0, 0.0, 0.0, 0.0, 0.0, 0.0, 0.0, 0.0025170333683490753, -0.4028306007385254, -1.494710922241211, -0.19663944840431213, 239.0
1100162, 0.0038536451756954193, -0.398919939994812, -1.497718334197998, 0.011848767288029194, 0.026852058246731758, -0.029852790758013725, 0.0, 0.0, 0.0, 0.0, 0.0, 0.0, 0.0, 0.0024867653846740723, -0.4027562141418457, -1.4948158264160156, -0.19481268525123596, 239.0
1100181, 0.003806562628597021, -0.39897391200065613, -1.4977046251296997, 0.011869308538734913, 0.026784492656588554, -0.030287478119134903, 0.0, 0.0, 0.0, 0.0, 0.0, 0.0, 0.0, 0.002262316644191742, -0.4029216766357422, -1.4947395324707031, -0.19373944401741028, 236.0
1100201, 0.003870869753882289, -0.39890092611312866, -1.4978257417678833, 0.01252540573477745, 0.027170084416866302, -0.031020713970065117, 0.0, 0.0, 0.0, 0.0, 0.0, 0.0, 0.0, 0.0025095418095588684, -0.40268564224243164, -1.4946880340576172, -0.19321031868457794, 236.0
1100221, 0.003840415272861719, -0.3989711105823517, -1.497804880142212, 0.01261358242481947, 0.026875032112002373, -0.030763372778892517, 0.0, 0.0, 0.0, 0.0, 0.0, 0.0, 0.0, 0.002032902091741562, -0.4029970169067383, -1.4947566986083984, -0.1934511363506317, 236.0
1100241, 0.003812353126704693, -0.3990214169025421, -1.4977747201919556, 0.012515976093709469, 0.0266259852796793, -0.030663594603538513, 0.0, 0.0, 0.0, 0.0, 0.0, 0.0, 0.0, 0.002699553966522217, -0.40249061584472656, -1.4946365356445312, -0.19211174547672272, 236.0
1100262, 0.0038875837344676256, -0.3989345133304596, -1.4978973865509033, 0.012805531732738018, 0.027158554643392563, -0.031163573265075684, 0.0, 0.0, 0.0, 0.0, 0.0, 0.0, 0.0, 0.0024584494531154633, -0.4028468132019043, -1.494668960571289, -0.19119851291179657, 236.0
1100281, 0.0038429051637649536, -0.39900097250938416, -1.4978562593460083, 0.01265621930360794, 0.026934033259749413, -0.03093157522380352, 0.0, 0.0, 0.0, 0.0, 0.0, 0.0, 0.0, 0.0019237920641899109, -0.40298891067504883, -1.4947948455810547, -0.18974852561950684, 241.0
1100301, 0.003833325579762459, -0.39906129240989685, -1.497809648513794, 0.012437691912055016, 0.02681770548224449, -0.03096553310751915, 0.0, 0.0, 0.0, 0.0, 0.0, 0.0, 0.0, 0.0024129897356033325, -0.40264081954956055, -1.4946098327636719, -0.1895342320203781, 241.0
1100321, 0.0038781906478106976, -0.3989661931991577, -1.4979392290115356, 0.01289460901170969, 0.02746640145778656, -0.031228817999362946, 0.0, 0.0, 0.0, 0.0, 0.0, 0.0, 0.0, 0.002233549952507019, -0.40271472930908203, -1.4946918487548828, -0.18943071365356445, 241.0
1100341, 0.0038837855681777, -0.39895641803741455, -1.4979352951049805, 0.013037617318332195, 0.027925284579396248, -0.031142661347985268, 0.0, 0.0, 0.0, 0.0, 0.0, 0.0, 0.0, 0.0018907822668552399, -0.40302085876464844, -1.4947128295898438, -0.1903311014175415, 241.0
1100362, 0.003933379892259836, -0.3988629877567291, -1.4980357885360718, 0.013278280384838581, 0.028404517099261284, -0.03149139881134033, 0.0, 0.0, 0.0, 0.0, 0.0, 0.0, 0.0, 0.0023016147315502167, -0.40307140350341797, -1.4947853088378906, -0.18880896270275116, 241.0
1100381, 0.003927282523363829, -0.39889025688171387, -1.4979842901229858, 0.013428580947220325, 0.028152218088507652, -0.03150229528546333, 0.0, 0.0, 0.0, 0.0, 0.0, 0.0, 0.0, 0.0019293911755084991, -0.4029207229614258, -1.4946308135986328, -0.18887808918952942, 238.0
1100401, 0.003939686343073845, -0.3988879919052124, -1.4980008602142334, 0.013410123996436596, 0.02814524807035923, -0.03164387866854668, 0.0, 0.0, 0.0, 0.0, 0.0, 0.0, 0.0, 0.0021468549966812134, -0.40319156646728516, -1.4948253631591797, -0.18802054226398468, 238.0
1100422, 0.003990439232438803, -0.39879876375198364, -1.498085618019104, 0.013761547394096851, 0.02848779782652855, -0.03183535858988762, 0.0, 0.0, 0.0, 0.0, 0.0, 0.0, 0.0, 0.0021264776587486267, -0.4029088020324707, -1.4946537017822266, -0.18809764087200165, 238.0
1100441, 0.0039518135599792, -0.3988687992095947, -1.4980069398880005, 0.013330829329788685, 0.02802501805126667, -0.030971527099609375, 0.0, 0.0, 0.0, 0.0, 0.0, 0.0, 0.0, 0.0024292990565299988, -0.4028472900390625, -1.4947490692138672, -0.1860610991716385, 238.0
1100461, 0.004007735289633274, -0.3987849950790405, -1.4980887174606323, 0.013455132953822613, 0.028175687417387962, -0.031224161386489868, 0.0, 0.0, 0.0, 0.0, 0.0, 0.0, 0.0, 0.0024053864181041718, -0.4027976989746094, -1.494649887084961, -0.18651878833770752, 238.0
1100481, 0.003968123346567154, -0.39885127544403076, -1.497982144355774, 0.013356808573007584, 0.027835382148623466, -0.03076295740902424, 0.0, 0.0, 0.0, 0.0, 0.0, 0.0, 0.0, 0.002053145319223404, -0.4027061462402344, -1.494699478149414, -0.18693487346172333, 236.0
1100501, 0.004015677142888308, -0.3987552225589752, -1.498077630996704, 0.013907484710216522, 0.027926085516810417, -0.031026003882288933, 0.0, 0.0, 0.0, 0.0, 0.0, 0.0, 0.0, 0.002328965812921524, -0.402984619140625, -1.4947509765625, -0.18851521611213684, 236.0
1100521, 0.004004107788205147, -0.39884117245674133, -1.4979774951934814, 0.013773566111922264, 0.027486244216561317, -0.030080843716859818, 0.0, 0.0, 0.0, 0.0, 0.0, 0.0, 0.0, 0.0022856108844280243, -0.4030928611755371, -1.4947509765625, -0.18642239272594452, 236.0
1100541, 0.003959396854043007, -0.3989192545413971, -1.4978718757629395, 0.013338537886738777, 0.027101771906018257, -0.029584260657429695, 0.0, 0.0, 0.0, 0.0, 0.0, 0.0, 0.0, 0.0022568851709365845, -0.40255069732666016, -1.494619369506836, -0.18605159223079681, 236.0
1100561, 0.004006166011095047, -0.39884495735168457, -1.497942328453064, 0.013196169398725033, 0.027210094034671783, -0.030247146263718605, 0.0, 0.0, 0.0, 0.0, 0.0, 0.0, 0.0, 0.0022908374667167664, -0.4028477668762207, -1.4946784973144531, -0.18484096229076385, 236.0
1100581, 0.003964133094996214, -0.3989405930042267, -1.4978467226028442, 0.013034410774707794, 0.026929348707199097, -0.02934219129383564, 0.0, 0.0, 0.0, 0.0, 0.0, 0.0, 0.0, 0.0024334602057933807, -0.40282344818115234, -1.494680404663086, -0.18447698652744293, 236.0
1100601, 0.004010428208857775, -0.39884474873542786, -1.4979358911514282, 0.0132438400760293, 0.027382509782910347, -0.029784806072711945, 0.0, 0.0, 0.0, 0.0, 0.0, 0.0, 0.0, 0.002431154251098633, -0.40299463272094727, -1.4947032928466797, -0.18399006128311157, 236.0
1100621, 0.003964077215641737, -0.39891451597213745, -1.4978190660476685, 0.012952791526913643, 0.0272064208984375, -0.029635554179549217, 0.0, 0.0, 0.0, 0.0, 0.0, 0.0, 0.0, 0.0018903352320194244, -0.40273475646972656, -1.4946174621582031, -0.1833440363407135, 236.0
1100641, 0.003932718653231859, -0.39898595213890076, -1.4977619647979736, 0.012682177126407623, 0.027166061103343964, -0.02921966090798378, 0.0, 0.0, 0.0, 0.0, 0.0, 0.0, 0.0, 0.0025393515825271606, -0.4028620719909668, -1.4947376251220703, -0.1833471804857254, 236.0
1100661, 0.003973810002207756, -0.3988988399505615, -1.4978505373001099, 0.013019911013543606, 0.027637209743261337, -0.02959141507744789, 0.0, 0.0, 0.0, 0.0, 0.0, 0.0, 0.0, 0.0025314688682556152, -0.4026179313659668, -1.4947185516357422, -0.18203149735927582, 236.0
1100681, 0.003912289626896381, -0.398963063955307, -1.4977784156799316, 0.01257748156785965, 0.027447758242487907, -0.029227985069155693, 0.0, 0.0, 0.0, 0.0, 0.0, 0.0, 0.0, 0.0023539625108242035, -0.4026827812194824, -1.4946880340576172, -0.1813780665397644, 237.0
1100701, 0.003975664731115103, -0.3988589346408844, -1.497887134552002, 0.013586616143584251, 0.02752312272787094, -0.029598573222756386, 0.0, 0.0, 0.0, 0.0, 0.0, 0.0, 0.0, 0.002439245581626892, -0.4026041030883789, -1.4945526123046875, -0.1824692189693451, 237.0
1100721, 0.003956219181418419, -0.3989209532737732, -1.497828722000122, 0.01339174248278141, 0.02708839811384678, -0.029584752395749092, 0.0, 0.0, 0.0, 0.0, 0.0, 0.0, 0.0, 0.0021050460636615753, -0.4028606414794922, -1.4947643280029297, -0.1820679008960724, 237.0
1100741, 0.003944690804928541, -0.39897918701171875, -1.4977749586105347, 0.013341098092496395, 0.027032656595110893, -0.029802242293953896, 0.0, 0.0, 0.0, 0.0, 0.0, 0.0, 0.0, 0.00222986564040184, -0.4026966094970703, -1.4946746826171875, -0.18075257539749146, 237.0
1100762, 0.003976454958319664, -0.398865669965744, -1.497912883758545, 0.013316412456333637, 0.02775288000702858, -0.03080057166516781, 0.0, 0.0, 0.0, 0.0, 0.0, 0.0, 0.0, 0.0024217255413532257, -0.402590274810791, -1.494649887084961, -0.18050897121429443, 237.0
1100781, 0.003961015958338976, -0.3989078402519226, -1.4978538751602173, 0.01340999361127615, 0.02743121050298214, -0.03048384189605713, 0.0, 0.0, 0.0, 0.0, 0.0, 0.0, 0.0, 0.0019494369626045227, -0.40290117263793945, -1.4947566986083984, -0.17952434718608856, 236.0
1100801, 0.004017222207039595, -0.3988151550292969, -1.4979926347732544, 0.013559913262724876, 0.027545355260372162, -0.03138604015111923, 0.0, 0.0, 0.0, 0.0, 0.0, 0.0, 0.0, 0.0022206567227840424, -0.40308666229248047, -1.494729995727539, -0.17843830585479736, 236.0
1100821, 0.003981500864028931, -0.3988730013370514, -1.4979588985443115, 0.013562660664319992, 0.02714010514318943, -0.031435079872608185, 0.0, 0.0, 0.0, 0.0, 0.0, 0.0, 0.0, 0.002062171697616577, -0.4030733108520508, -1.494710922241211, -0.17762957513332367, 236.0
1100841, 0.003965168260037899, -0.3989512026309967, -1.4979124069213867, 0.013513963669538498, 0.026648737490177155, -0.031065888702869415, 0.0, 0.0, 0.0, 0.0, 0.0, 0.0, 0.0, 0.002194039523601532, -0.4029674530029297, -1.4947013854980469, -0.17695991694927216, 236.0
1100861, 0.004026135429739952, -0.39884036779403687, -1.4980863332748413, 0.013749225065112114, 0.02694781683385372, -0.0318107083439827, 0.0, 0.0, 0.0, 0.0, 0.0, 0.0, 0.0, 0.0020652636885643005, -0.40289974212646484, -1.4947586059570312, -0.1773063987493515, 236.0
1100881, 0.004004296846687794, -0.3989074230194092, -1.4979969263076782, 0.013301393017172813, 0.026630867272615433, -0.030974945053458214, 0.0, 0.0, 0.0, 0.0, 0.0, 0.0, 0.0, 0.0021300725638866425, -0.40271472930908203, -1.4946212768554688, -0.17742949724197388, 239.0
1100901, 0.003958952613174915, -0.3989744484424591, -1.4979459047317505, 0.013030911795794964, 0.02646259404718876, -0.030586376786231995, 0.0, 0.0, 0.0, 0.0, 0.0, 0.0, 0.0, 0.002260681241750717, -0.4030170440673828, -1.4947547912597656, -0.17642298340797424, 239.0
1100921, 0.00401524780318141, -0.39885997772216797, -1.498098611831665, 0.013328253291547298, 0.026668982580304146, -0.031298041343688965, 0.0, 0.0, 0.0, 0.0, 0.0, 0.0, 0.0, 0.002581559121608734, -0.40253686904907227, -1.4947280883789062, -0.17526565492153168, 239.0
1100941, 0.0039862170815467834, -0.3989258110523224, -1.4980274438858032, 0.013153879903256893, 0.02618594840168953, -0.030272824689745903, 0.0, 0.0, 0.0, 0.0, 0.0, 0.0, 0.0, 0.0026218853890895844, -0.40259695053100586, -1.4946117401123047, -0.17542609572410583, 239.0
1100962, 0.004030144773423672, -0.39883795380592346, -1.4981176853179932, 0.013400159776210785, 0.026524880900979042, -0.030762221664190292, 0.0, 0.0, 0.0, 0.0, 0.0, 0.0, 0.0, 0.0025421492755413055, -0.4026470184326172, -1.4946250915527344, -0.1740795075893402, 239.0
1100981, 0.004017707891762257, -0.39890971779823303, -1.498051643371582, 0.013134434819221497, 0.02617640607059002, -0.030602695420384407, 0.0, 0.0, 0.0, 0.0, 0.0, 0.0, 0.0, 0.002473600208759308, -0.402620792388916, -1.494781494140625, -0.17280292510986328, 238.0
1101001, 0.0039567467756569386, -0.3989775478839874, -1.497938632965088, 0.013033232651650906, 0.02629396691918373, -0.02976904809474945, 0.0, 0.0, 0.0, 0.0, 0.0, 0.0, 0.0, 0.0022228658199310303, -0.402925968170166, -1.4947128295898438, -0.1745295524597168, 238.0
1101021, 0.004024960566312075, -0.39889198541641235, -1.4980367422103882, 0.013026370666921139, 0.026491602882742882, -0.030412910506129265, 0.0, 0.0, 0.0, 0.0, 0.0, 0.0, 0.0, 0.0019384585320949554, -0.4029269218444824, -1.4946060180664062, -0.17353253066539764, 238.0
1101041, 0.003972847014665604, -0.39898672699928284, -1.4979193210601807, 0.012608082965016365, 0.025910628959536552, -0.02958155982196331, 0.0, 0.0, 0.0, 0.0, 0.0, 0.0, 0.0, 0.002175677567720413, -0.4029855728149414, -1.4948158264160156, -0.1737505942583084, 238.0
1101062, 0.00399948051199317, -0.39891165494918823, -1.498002052307129, 0.012808909639716148, 0.026017410680651665, -0.029940400272607803, 0.0, 0.0, 0.0, 0.0, 0.0, 0.0, 0.0, 0.0021177493035793304, -0.4029426574707031, -1.4946269989013672, -0.1738310009241104, 238.0
1101081, 0.003934215754270554, -0.399008572101593, -1.4978883266448975, 0.012211252003908157, 0.02558610774576664, -0.02908099628984928, 0.0, 0.0, 0.0, 0.0, 0.0, 0.0, 0.0, 0.0022439509630203247, -0.40283203125, -1.494598388671875, -0.1727931648492813, 236.0
1101101, 0.003978487569838762, -0.3989476263523102, -1.4979643821716309, 0.012615096755325794, 0.02562776766717434, -0.0294338371604681, 0.0, 0.0, 0.0, 0.0, 0.0, 0.0, 0.0, 0.0027294568717479706, -0.40285682678222656, -1.4948005676269531, -0.1728619933128357, 236.0
1101121, 0.003934980370104313, -0.39901402592658997, -1.497859239578247, 0.012481392361223698, 0.025578925386071205, -0.02852986566722393, 0.0, 0.0, 0.0, 0.0, 0.0, 0.0, 0.0, 0.0021703727543354034, -0.4028358459472656, -1.4946784973144531, -0.17158031463623047, 236.0
1101141, 0.003893123008310795, -0.3991072177886963, -1.4977343082427979, 0.012675265781581402, 0.02522546425461769, -0.027797827497124672, 0.0, 0.0, 0.0, 0.0, 0.0, 0.0, 0.0, 0.0023039430379867554, -0.4026007652282715, -1.4946613311767578, -0.1706790328025818, 236.0
1101161, 0.003927532583475113, -0.3990367650985718, -1.4978091716766357, 0.012651801109313965, 0.025378968566656113, -0.02848970890045166, 0.0, 0.0, 0.0, 0.0, 0.0, 0.0, 0.0, 0.002547074109315872, -0.4025559425354004, -1.4947242736816406, -0.17222198843955994, 236.0
1101181, 0.0039033954963088036, -0.3991018831729889, -1.4977402687072754, 0.012499113567173481, 0.025001155212521553, -0.028634727001190186, 0.0, 0.0, 0.0, 0.0, 0.0, 0.0, 0.0, 0.0021995268762111664, -0.4030156135559082, -1.49468994140625, -0.1699793040752411, 240.0
1101201, 0.003956356085836887, -0.399020254611969, -1.497831106185913, 0.012909424491226673, 0.02564236894249916, -0.029204443097114563, 0.0, 0.0, 0.0, 0.0, 0.0, 0.0, 0.0, 0.0022275038063526154, -0.4028000831604004, -1.4947566986083984, -0.17046459019184113, 240.0
1101221, 0.00393638014793396, -0.3990795910358429, -1.497754454612732, 0.012964394874870777, 0.025577008724212646, -0.028655866160988808, 0.0, 0.0, 0.0, 0.0, 0.0, 0.0, 0.0, 0.0022708550095558167, -0.40302133560180664, -1.4947032928466797, -0.1691518872976303, 240.0
1101241, 0.003904540790244937, -0.39914149045944214, -1.4976862668991089, 0.01279274933040142, 0.02551846392452717, -0.02838505059480667, 0.0, 0.0, 0.0, 0.0, 0.0, 0.0, 0.0, 0.0022321566939353943, -0.40305614471435547, -1.4947376251220703, -0.1693221777677536, 240.0
1101261, 0.003934791311621666, -0.3990533649921417, -1.4977930784225464, 0.012947904877364635, 0.025866644456982613, -0.02914033830165863, 0.0, 0.0, 0.0, 0.0, 0.0, 0.0, 0.0, 0.0022815316915512085, -0.402677059173584, -1.4948043823242188, -0.16826149821281433, 240.0
1101281, 0.0039037459064275026, -0.3991168737411499, -1.497732162475586, 0.01283194962888956, 0.0253522340208292, -0.028962120413780212, 0.0, 0.0, 0.0, 0.0, 0.0, 0.0, 0.0, 0.002265259623527527, -0.40293264389038086, -1.4947052001953125, -0.16869492828845978, 239.0
1101301, 0.0039406041614711285, -0.3990480601787567, -1.4978283643722534, 0.013331546448171139, 0.0252994317561388, -0.02935461513698101, 0.0, 0.0, 0.0, 0.0, 0.0, 0.0, 0.0, 0.0025267675518989563, -0.40285491943359375, -1.49468994140625, -0.1680981069803238, 239.0
1101321, 0.003932070452719927, -0.39909690618515015, -1.4977859258651733, 0.013142124749720097, 0.025236357003450394, -0.0292630847543478, 0.0, 0.0, 0.0, 0.0, 0.0, 0.0, 0.0, 0.0022682398557662964, -0.40297603607177734, -1.4947242736816406, -0.165538489818573, 239.0
1101341, 0.0038944631814956665, -0.399151474237442, -1.4977375268936157, 0.012631244026124477, 0.02534296177327633, -0.0290847010910511, 0.0, 0.0, 0.0, 0.0, 0.0, 0.0, 0.0, 0.0021454989910125732, -0.40291929244995117, -1.4946250915527344, -0.1628938764333725, 239.0
1101362, 0.003953610081225634, -0.3990548849105835, -1.4978560209274292, 0.012897343374788761, 0.025872932747006416, -0.02971009351313114, 0.0, 0.0, 0.0, 0.0, 0.0, 0.0, 0.0, 0.0021499469876289368, -0.4028353691101074, -1.4947166442871094, -0.16163626313209534, 239.0
1101381, 0.003926844336092472, -0.39910179376602173, -1.4978318214416504, 0.012959392741322517, 0.025732185691595078, -0.029551753774285316, 0.0, 0.0, 0.0, 0.0, 0.0, 0.0, 0.0, 0.0020661689341068268, -0.40300416946411133, -1.494649887084961, -0.16102689504623413, 241.0
1101401, 0.0039839968085289, -0.39899447560310364, -1.4979389905929565, 0.013007999397814274, 0.02572796307504177, -0.030475415289402008, 0.0, 0.0, 0.0, 0.0, 0.0, 0.0, 0.0, 0.002481319010257721, -0.4025764465332031, -1.494598388671875, -0.16133056581020355, 241.0
1101421, 0.00396080082282424, -0.3990574777126312, -1.4979066848754883, 0.012875450775027275, 0.025508185848593712, -0.030480002984404564, 0.0, 0.0, 0.0, 0.0, 0.0, 0.0, 0.0, 0.0021572522819042206, -0.40276575088500977, -1.4946327209472656, -0.16112564504146576, 241.0
1101441, 0.003922246862202883, -0.39912015199661255, -1.497842788696289, 0.012623053975403309, 0.02531038038432598, -0.03022843226790428, 0.0, 0.0, 0.0, 0.0, 0.0, 0.0, 0.0, 0.002527352422475815, -0.4025583267211914, -1.4946632385253906, -0.16177085041999817, 241.0
1101461, 0.003969344776123762, -0.3990304470062256, -1.4979652166366577, 0.012836497277021408, 0.02566886693239212, -0.03064155764877796, 0.0, 0.0, 0.0, 0.0, 0.0, 0.0, 0.0, 0.002071574330329895, -0.40302562713623047, -1.4948177337646484, -0.15958718955516815, 241.0
1101481, 0.003931145183742046, -0.39904943108558655, -1.4979503154754639, 0.013093750923871994, 0.02568717859685421, -0.030180083587765694, 0.0, 0.0, 0.0, 0.0, 0.0, 0.0, 0.0, 0.0018841996788978577, -0.4028902053833008, -1.4947662353515625, -0.15779627859592438, 241.0
1101501, 0.0038691379595547915, -0.39922744035720825, -1.4977526664733887, 0.012949885800480843, 0.02509484812617302, -0.029411539435386658, 0.0, 0.0, 0.0, 0.0, 0.0, 0.0, 0.0, 0.002803076058626175, -0.4030280113220215, -1.4948310852050781, -0.15681558847427368, 241.0
1101521, 0.003974991850554943, -0.39904069900512695, -1.4980109930038452, 0.013401782140135765, 0.025725631043314934, -0.031145699322223663, 0.0, 0.0, 0.0, 0.0, 0.0, 0.0, 0.0, 0.0023877881467342377, -0.4029502868652344, -1.49481201171875, -0.1564653366804123, 241.0
1101541, 0.003955332562327385, -0.3990675210952759, -1.4979822635650635, 0.013382320292294025, 0.025784388184547424, -0.03076191619038582, 0.0, 0.0, 0.0, 0.0, 0.0, 0.0, 0.0, 0.0021398700773715973, -0.40276622772216797, -1.4946956634521484, -0.15574528276920319, 241.0
1101562, 0.003900546347722411, -0.39921310544013977, -1.497800350189209, 0.013140595518052578, 0.025117142125964165, -0.029822487384080887, 0.0, 0.0, 0.0, 0.0, 0.0, 0.0, 0.0, 0.0026671886444091797, -0.4025907516479492, -1.494619369506836, -0.1557462364435196, 241.0
1101581, 0.003871757769957185, -0.3992769718170166, -1.4977200031280518, 0.013163085095584393, 0.024657605215907097, -0.029329050332307816, 0.0, 0.0, 0.0, 0.0, 0.0, 0.0, 0.0, 0.0020215436816215515, -0.40267324447631836, -1.4945735931396484, -0.1565304547548294, 238.0
1101601, 0.003932074178010225, -0.3991807699203491, -1.4978176355361938, 0.013487841002643108, 0.02479565143585205, -0.02968556620180607, 0.0, 0.0, 0.0, 0.0, 0.0, 0.0, 0.0, 0.002366315573453903, -0.40259552001953125, -1.4946880340576172, -0.1566690355539322, 238.0
1101621, 0.0039025850128382444, -0.3992612659931183, -1.4977507591247559, 0.013595158234238625, 0.024454889819025993, -0.029571231454610825, 0.0, 0.0, 0.0, 0.0, 0.0, 0.0, 0.0, 0.0022263191640377045, -0.40311145782470703, -1.494771957397461, -0.15612584352493286, 238.0
1101641, 0.003953765146434307, -0.39918777346611023, -1.4978324174880981, 0.013636976480484009, 0.024912426248192787, -0.029978832229971886, 0.0, 0.0, 0.0, 0.0, 0.0, 0.0, 0.0, 0.0018608346581459045, -0.4027996063232422, -1.4947681427001953, -0.15565060079097748, 238.0
1101661, 0.003937598783522844, -0.3992466926574707, -1.4977757930755615, 0.013671215623617172, 0.02445816621184349, -0.029683789238333702, 0.0, 0.0, 0.0, 0.0, 0.0, 0.0, 0.0, 0.0026500970125198364, -0.4026932716369629, -1.4946441650390625, -0.15645162761211395, 238.0
1101681, 0.003908628132194281, -0.3993181586265564, -1.4976814985275269, 0.013316028751432896, 0.024266760796308517, -0.029021600261330605, 0.0, 0.0, 0.0, 0.0, 0.0, 0.0, 0.0, 0.0022189952433109283, -0.40285682678222656, -1.4946784973144531, -0.15624357759952545, 236.0
1101701, 0.003929633181542158, -0.39924272894859314, -1.4977673292160034, 0.013427073135972023, 0.02457471750676632, -0.029314493760466576, 0.0, 0.0, 0.0, 0.0, 0.0, 0.0, 0.0, 0.0018435381352901459, -0.4028491973876953, -1.4948005676269531, -0.15474005043506622, 236.0
1101721, 0.003912688698619604, -0.39930853247642517, -1.4976836442947388, 0.012879247777163982, 0.024127215147018433, -0.028781987726688385, 0.0, 0.0, 0.0, 0.0, 0.0, 0.0, 0.0, 0.002542532980442047, -0.4030003547668457, -1.4946823120117188, -0.1536538302898407, 236.0
1101741, 0.003950024489313364, -0.39925307035446167, -1.4977612495422363, 0.012907122261822224, 0.024342698976397514, -0.02937164157629013, 0.0, 0.0, 0.0, 0.0, 0.0, 0.0, 0.0, 0.002286367118358612, -0.4028916358947754, -1.494802474975586, -0.15343818068504333, 236.0
1101761, 0.0039041421841830015, -0.3992932438850403, -1.4977115392684937, 0.012122496962547302, 0.023987943306565285, -0.02950439602136612, 0.0, 0.0, 0.0, 0.0, 0.0, 0.0, 0.0, 0.0020598918199539185, -0.40292787551879883, -1.4947929382324219, -0.15050983428955078, 236.0
1101781, 0.0038352461997419596, -0.39937588572502136, -1.4976325035095215, 0.011651696637272835, 0.023786861449480057, -0.029235996305942535, 0.0, 0.0, 0.0, 0.0, 0.0, 0.0, 0.0, 0.0023197829723358154, -0.4030790328979492, -1.4946212768554688, -0.14999637007713318, 239.0
1101801, 0.003893699264153838, -0.39930346608161926, -1.4977381229400635, 0.012208661064505577, 0.023834150284528732, -0.029759231954813004, 0.0, 0.0, 0.0, 0.0, 0.0, 0.0, 0.0, 0.002614196389913559, -0.4029273986816406, -1.4947071075439453, -0.14925161004066467, 239.0
1101821, 0.0038541601970791817, -0.39936670660972595, -1.4976816177368164, 0.012129311449825764, 0.023642035201191902, -0.0297874603420496, 0.0, 0.0, 0.0, 0.0, 0.0, 0.0, 0.0, 0.0019809864461421967, -0.4029355049133301, -1.4947795867919922, -0.14877527952194214, 239.0
1101841, 0.003884420031681657, -0.3993030786514282, -1.4977954626083374, 0.012439209967851639, 0.024073513224720955, -0.03064470738172531, 0.0, 0.0, 0.0, 0.0, 0.0, 0.0, 0.0, 0.002680473029613495, -0.40274810791015625, -1.494699478149414, -0.14866556227207184, 239.0
1101861, 0.0038593015633523464, -0.3993545472621918, -1.4977513551712036, 0.012611063197255135, 0.02384977973997593, -0.03059880994260311, 0.0, 0.0, 0.0, 0.0, 0.0, 0.0, 0.0, 0.0026652179658412933, -0.4026632308959961, -1.4946842193603516, -0.1483815759420395, 239.0
1101881, 0.0038222342263907194, -0.3994153141975403, -1.4976991415023804, 0.012665600515902042, 0.023793989792466164, -0.030207006260752678, 0.0, 0.0, 0.0, 0.0, 0.0, 0.0, 0.0, 0.0021290145814418793, -0.40289831161499023, -1.4946784973144531, -0.1475619375705719, 241.0
1101902, 0.0038660033605992794, -0.3993304967880249, -1.4978243112564087, 0.012955919839441776, 0.023989371955394745, -0.030638452619314194, 0.0, 0.0, 0.0, 0.0, 0.0, 0.0, 0.0, 0.0023965053260326385, -0.4028749465942383, -1.4948368072509766, -0.14784634113311768, 241.0
1101921, 0.003856163239106536, -0.39937758445739746, -1.49778413772583, 0.012911478988826275, 0.023712750524282455, -0.03046243265271187, 0.0, 0.0, 0.0, 0.0, 0.0, 0.0, 0.0, 0.0020631998777389526, -0.40288448333740234, -1.494729995727539, -0.14741094410419464, 241.0
1101941, 0.0039056260138750076, -0.3992971181869507, -1.4978961944580078, 0.013502363115549088, 0.023771263659000397, -0.030849644914269447, 0.0, 0.0, 0.0, 0.0, 0.0, 0.0, 0.0, 0.0021613389253616333, -0.40296506881713867, -1.4947338104248047, -0.14750948548316956, 241.0
1101961, 0.003889907617121935, -0.39935052394866943, -1.4978681802749634, 0.01364430133253336, 0.023599641397595406, -0.030632873997092247, 0.0, 0.0, 0.0, 0.0, 0.0, 0.0, 0.0, 0.002342771738767624, -0.4031505584716797, -1.4948558807373047, -0.14739453792572021, 241.0
1101981, 0.00386946857906878, -0.39941418170928955, -1.4978045225143433, 0.013482765294611454, 0.02337251417338848, -0.03043254464864731, 0.0, 0.0, 0.0, 0.0, 0.0, 0.0, 0.0, 0.0024678409099578857, -0.40279293060302734, -1.4945755004882812, -0.14698326587677002, 240.0
1102002, 0.003953489474952221, -0.3993395268917084, -1.4979307651519775, 0.014146050438284874, 0.02346406877040863, -0.0312035009264946, 0.0, 0.0, 0.0, 0.0, 0.0, 0.0, 0.0, 0.0024953261017799377, -0.40277862548828125, -1.494699478149414, -0.14667555689811707, 240.0
1102021, 0.003965914249420166, -0.3993445336818695, -1.497959017753601, 0.014040098525583744, 0.023552872240543365, -0.03141363337635994, 0.0, 0.0, 0.0, 0.0, 0.0, 0.0, 0.0, 0.002241741865873337, -0.40287208557128906, -1.4946861267089844, -0.14536775648593903, 240.0
1102041, 0.004084401298314333, -0.39919641613960266, -1.4981530904769897, 0.014719118364155293, 0.023696793243288994, -0.03217678144574165, 0.0, 0.0, 0.0, 0.0, 0.0, 0.0, 0.0, 0.002452317625284195, -0.4026627540588379, -1.494638442993164, -0.14506752789020538, 240.0
1102062, 0.0040881698951125145, -0.3992098569869995, -1.4981698989868164, 0.014669515192508698, 0.023566657677292824, -0.03193479776382446, 0.0, 0.0, 0.0, 0.0, 0.0, 0.0, 0.0, 0.002070460468530655, -0.4027085304260254, -1.4946060180664062, -0.14391791820526123, 240.0
1102081, 0.004056402947753668, -0.39930132031440735, -1.498072624206543, 0.014637811109423637, 0.02292163297533989, -0.03133132681250572, 0.0, 0.0, 0.0, 0.0, 0.0, 0.0, 0.0, 0.0020661428570747375, -0.40285825729370117, -1.4947223663330078, -0.14285829663276672, 242.0
1102101, 0.004128578118979931, -0.3992355167865753, -1.4981712102890015, 0.014900712296366692, 0.022972658276557922, -0.031431883573532104, 0.0, 0.0, 0.0, 0.0, 0.0, 0.0, 0.0, 0.002294536679983139, -0.40250205993652344, -1.4946918487548828, -0.140734001994133, 242.0
1102121, 0.004115942399948835, -0.399277925491333, -1.4981306791305542, 0.014916661195456982, 0.02285686507821083, -0.031103236600756645, 0.0, 0.0, 0.0, 0.0, 0.0, 0.0, 0.0, 0.002116125077009201, -0.4026618003845215, -1.4946651458740234, -0.13971544802188873, 242.0
1102141, 0.004055679775774479, -0.3994198143482208, -1.4979420900344849, 0.01464415155351162, 0.022603780031204224, -0.030036428943276405, 0.0, 0.0, 0.0, 0.0, 0.0, 0.0, 0.0, 0.0023738183081150055, -0.4028639793395996, -1.494598388671875, -0.13944023847579956, 242.0
1102162, 0.004045599140226841, -0.3994724452495575, -1.49785315990448, 0.014825851656496525, 0.02286817505955696, -0.02958201989531517, 0.0, 0.0, 0.0, 0.0, 0.0, 0.0, 0.0, 0.0023476332426071167, -0.4028611183166504, -1.4946517944335938, -0.13912515342235565, 242.0
1102181, 0.004172560293227434, -0.3992988169193268, -1.4980626106262207, 0.015385536476969719, 0.023296035826206207, -0.03059607371687889, 0.0, 0.0, 0.0, 0.0, 0.0, 0.0, 0.0, 0.0019991248846054077, -0.402768611907959, -1.4947528839111328, -0.13904835283756256, 239.0
1102201, 0.0040710680186748505, -0.39946606755256653, -1.4978199005126953, 0.0149773471057415, 0.022578218951821327, -0.0293158870190382, 0.0, 0.0, 0.0, 0.0, 0.0, 0.0, 0.0, 0.002178683876991272, -0.4029865264892578, -1.4946098327636719, -0.13903948664665222, 239.0
1102221, 0.004196830093860626, -0.39931583404541016, -1.4980108737945557, 0.01547672413289547, 0.023218177258968353, -0.030067196115851402, 0.0, 0.0, 0.0, 0.0, 0.0, 0.0, 0.0, 0.0020471476018428802, -0.4031047821044922, -1.4947376251220703, -0.13911281526088715, 239.0
1102241, 0.004171744920313358, -0.3993687927722931, -1.4979151487350464, 0.015701226890087128, 0.022769328206777573, -0.029493408277630806, 0.0, 0.0, 0.0, 0.0, 0.0, 0.0, 0.0, 0.002150963991880417, -0.4029045104980469, -1.494741439819336, -0.1390661597251892, 239.0
1102261, 0.004065335262566805, -0.3995334506034851, -1.4976887702941895, 0.01532836351543665, 0.022190026938915253, -0.028299493715167046, 0.0, 0.0, 0.0, 0.0, 0.0, 0.0, 0.0, 0.0020853281021118164, -0.4030900001525879, -1.49468994140625, -0.13897202908992767, 239.0
1102281, 0.004150731023401022, -0.3994654417037964, -1.4977540969848633, 0.015237436629831791, 0.02237006276845932, -0.02891671657562256, 0.0, 0.0, 0.0, 0.0, 0.0, 0.0, 0.0, 0.002701442688703537, -0.4026036262512207, -1.4947128295898438, -0.13960649073123932, 240.0
1102301, 0.00412826519459486, -0.3995200991630554, -1.497688889503479, 0.015081662684679031, 0.02230696752667427, -0.02861826680600643, 0.0, 0.0, 0.0, 0.0, 0.0, 0.0, 0.0, 0.0021903403103351593, -0.40288352966308594, -1.4948043823242188, -0.1383856236934662, 240.0
1102321, 0.00409706961363554, -0.3995838165283203, -1.4976025819778442, 0.014781462028622627, 0.022650256752967834, -0.02833874523639679, 0.0, 0.0, 0.0, 0.0, 0.0, 0.0, 0.0, 0.002123583108186722, -0.4029545783996582, -1.4946937561035156, -0.13640441000461578, 240.0
1102341, 0.004120824858546257, -0.3995148241519928, -1.4976915121078491, 0.014646959491074085, 0.02257690578699112, -0.029045388102531433, 0.0, 0.0, 0.0, 0.0, 0.0, 0.0, 0.0, 0.002260565757751465, -0.403073787689209, -1.4947853088378906, -0.13647866249084473, 240.0
1102361, 0.004102921113371849, -0.3995635211467743, -1.4976311922073364, 0.014560048468410969, 0.02218211628496647, -0.0288268830627203, 0.0, 0.0, 0.0, 0.0, 0.0, 0.0, 0.0, 0.002456430345773697, -0.4027523994445801, -1.4946365356445312, -0.13618098199367523, 240.0
1102381, 0.004071664530783892, -0.3996118903160095, -1.4975641965866089, 0.014429141767323017, 0.021956894546747208, -0.028416385874152184, 0.0, 0.0, 0.0, 0.0, 0.0, 0.0, 0.0, 0.0024679601192474365, -0.4029197692871094, -1.4946880340576172, -0.13691675662994385, 240.0
1102401, 0.004085157532244921, -0.3995703458786011, -1.4976521730422974, 0.01428078394383192, 0.02200940251350403, -0.02889263443648815, 0.0, 0.0, 0.0, 0.0, 0.0, 0.0, 0.0, 0.002066422253847122, -0.40302324295043945, -1.494771957397461, -0.135528102517128, 240.0
1102421, 0.004061437211930752, -0.3996165692806244, -1.497588038444519, 0.01407553255558014, 0.022144898772239685, -0.02849789336323738, 0.0, 0.0, 0.0, 0.0, 0.0, 0.0, 0.0, 0.0022724345326423645, -0.4027895927429199, -1.4947147369384766, -0.13520771265029907, 240.0
1102442, 0.0040753367356956005, -0.3995463252067566, -1.4976950883865356, 0.013425354845821857, 0.022435054183006287, -0.02908395603299141, 0.0, 0.0, 0.0, 0.0, 0.0, 0.0, 0.0, 0.001770850270986557, -0.4028592109680176, -1.4947738647460938, -0.13302332162857056, 240.0
1102461, 0.004023150075227022, -0.39960646629333496, -1.4976361989974976, 0.013321271166205406, 0.02224569581449032, -0.028782552108168602, 0.0, 0.0, 0.0, 0.0, 0.0, 0.0, 0.0, 0.00224342942237854, -0.40297698974609375, -1.4948234558105469, -0.13299503922462463, 240.0
1102481, 0.003993360325694084, -0.3996230661869049, -1.4975833892822266, 0.013512538745999336, 0.022333761677145958, -0.028675919398665428, 0.0, 0.0, 0.0, 0.0, 0.0, 0.0, 0.0, 0.0021224692463874817, -0.4025087356567383, -1.4946136474609375, -0.132553368806839, 237.0
1102502, 0.004019141662865877, -0.39955106377601624, -1.497712254524231, 0.01378130167722702, 0.02258945070207119, -0.029284458607435226, 0.0, 0.0, 0.0, 0.0, 0.0, 0.0, 0.0, 0.001985222101211548, -0.4029240608215332, -1.4948539733886719, -0.13187706470489502, 237.0
1102521, 0.003998666536062956, -0.39959362149238586, -1.4976469278335571, 0.013901926577091217, 0.022367587313055992, -0.02908119186758995, 0.0, 0.0, 0.0, 0.0, 0.0, 0.0, 0.0, 0.002090875059366226, -0.4027671813964844, -1.4946517944335938, -0.13132335245609283, 237.0
1102541, 0.004041160922497511, -0.3994961082935333, -1.497800350189209, 0.013945222832262516, 0.022662682458758354, -0.029945075511932373, 0.0, 0.0, 0.0, 0.0, 0.0, 0.0, 0.0, 0.002338539808988571, -0.402921199798584, -1.4947681427001953, -0.1312965452671051, 237.0
1102561, 0.004049232229590416, -0.3994835615158081, -1.4977902173995972, 0.013527986593544483, 0.022819509729743004, -0.029922908172011375, 0.0, 0.0, 0.0, 0.0, 0.0, 0.0, 0.0, 0.0020687393844127655, -0.4028167724609375, -1.4946365356445312, -0.13184280693531036, 237.0
1102581, 0.004009272903203964, -0.399514377117157, -1.4977737665176392, 0.013307631015777588, 0.022846147418022156, -0.029884064570069313, 0.0, 0.0, 0.0, 0.0, 0.0, 0.0, 0.0, 0.002233758568763733, -0.40293455123901367, -1.494852066040039, -0.13106295466423035, 239.0
1102602, 0.004045479465276003, -0.3994395434856415, -1.4978652000427246, 0.013542740605771542, 0.023094451054930687, -0.03029825910925865, 0.0, 0.0, 0.0, 0.0, 0.0, 0.0, 0.0, 0.0022590719163417816, -0.40287065505981445, -1.4947166442871094, -0.13105741143226624, 239.0
1102621, 0.004025130998343229, -0.3994559943675995, -1.4978569746017456, 0.013488790020346642, 0.023247452452778816, -0.030104922130703926, 0.0, 0.0, 0.0, 0.0, 0.0, 0.0, 0.0, 0.0027302950620651245, -0.4024500846862793, -1.4947338104248047, -0.13114948570728302, 239.0
1102641, 0.00409952737390995, -0.39934056997299194, -1.4980212450027466, 0.014093154110014439, 0.02343101054430008, -0.031052419915795326, 0.0, 0.0, 0.0, 0.0, 0.0, 0.0, 0.0, 0.0019461512565612793, -0.4029555320739746, -1.4947700500488281, -0.1309644877910614, 239.0
1102661, 0.004080498591065407, -0.39932405948638916, -1.4980274438858032, 0.014116371050477028, 0.023377669975161552, -0.030748961493372917, 0.0, 0.0, 0.0, 0.0, 0.0, 0.0, 0.0, 0.001963473856449127, -0.40281200408935547, -1.494466781616211, -0.1291421800851822, 239.0
1102681, 0.004057670943439007, -0.3993540406227112, -1.4979747533798218, 0.014092205092310905, 0.02298656478524208, -0.030109135434031487, 0.0, 0.0, 0.0, 0.0, 0.0, 0.0, 0.0, 0.0023890212178230286, -0.40291738510131836, -1.4946441650390625, -0.12627987563610077, 240.0
1102702, 0.004124089609831572, -0.39927372336387634, -1.4980628490447998, 0.014551905915141106, 0.023124467581510544, -0.03063790500164032, 0.0, 0.0, 0.0, 0.0, 0.0, 0.0, 0.0, 0.0021973103284835815, -0.4027113914489746, -1.4946956634521484, -0.12649208307266235, 240.0
1102721, 0.004093370866030455, -0.39932721853256226, -1.4979828596115112, 0.014458456076681614, 0.022899508476257324, -0.029835905879735947, 0.0, 0.0, 0.0, 0.0, 0.0, 0.0, 0.0, 0.0022038035094738007, -0.40310192108154297, -1.4947338104248047, -0.12690292298793793, 240.0
1102741, 0.004145731683820486, -0.39927831292152405, -1.4980535507202148, 0.01487750094383955, 0.022655576467514038, -0.03007814846932888, 0.0, 0.0, 0.0, 0.0, 0.0, 0.0, 0.0, 0.002133488655090332, -0.40298938751220703, -1.4947700500488281, -0.1266264021396637, 240.0
1102761, 0.004113954491913319, -0.39935991168022156, -1.4979541301727295, 0.014738690108060837, 0.021975507959723473, -0.030010467395186424, 0.0, 0.0, 0.0, 0.0, 0.0, 0.0, 0.0, 0.0020554326474666595, -0.4029369354248047, -1.4947319030761719, -0.12600618600845337, 240.0
1102781, 0.004074279218912125, -0.39945003390312195, -1.4978575706481934, 0.014615168794989586, 0.021486671641469002, -0.029676904901862144, 0.0, 0.0, 0.0, 0.0, 0.0, 0.0, 0.0, 0.0020767785608768463, -0.4028778076171875, -1.4946537017822266, -0.12446067482233047, 235.0
1102802, 0.004151178523898125, -0.39938902854919434, -1.4979337453842163, 0.014910922385752201, 0.02145492099225521, -0.029904350638389587, 0.0, 0.0, 0.0, 0.0, 0.0, 0.0, 0.0, 0.002332378178834915, -0.40260982513427734, -1.4946212768554688, -0.12455722689628601, 235.0
1102821, 0.00410345708951354, -0.39947861433029175, -1.4978615045547485, 0.014592253603041172, 0.02110099606215954, -0.029790814965963364, 0.0, 0.0, 0.0, 0.0, 0.0, 0.0, 0.0, 0.002199750393629074, -0.40283918380737305, -1.494832992553711, -0.12548315525054932, 235.0
1102841, 0.004167704842984676, -0.3994275629520416, -1.4979437589645386, 0.014599979855120182, 0.021262357011437416, -0.030214888975024223, 0.0, 0.0, 0.0, 0.0, 0.0, 0.0, 0.0, 0.00215950608253479, -0.4027252197265625, -1.4947242736816406, -0.12565010786056519, 235.0
1102861, 0.0041152494959533215, -0.39951372146606445, -1.4978673458099365, 0.014495644718408585, 0.02106982097029686, -0.029744356870651245, 0.0, 0.0, 0.0, 0.0, 0.0, 0.0, 0.0, 0.002310562878847122, -0.4026908874511719, -1.4946880340576172, -0.12376634031534195, 235.0
1102881, 0.0041566952131688595, -0.39945802092552185, -1.4979392290115356, 0.01443075854331255, 0.021308112889528275, -0.03007528744637966, 0.0, 0.0, 0.0, 0.0, 0.0, 0.0, 0.0, 0.00215752050280571, -0.4029836654663086, -1.494710922241211, -0.12405592948198318, 239.0
1102901, 0.004120323807001114, -0.3995327055454254, -1.4978561401367188, 0.013988567516207695, 0.02117031440138817, -0.029662633314728737, 0.0, 0.0, 0.0, 0.0, 0.0, 0.0, 0.0, 0.002223026007413864, -0.40284204483032227, -1.4948501586914062, -0.12376753240823746, 239.0
1102921, 0.004082679282873869, -0.39959338307380676, -1.4977755546569824, 0.01383516751229763, 0.021302571520209312, -0.029318086802959442, 0.0, 0.0, 0.0, 0.0, 0.0, 0.0, 0.0, 0.002506498247385025, -0.40273332595825195, -1.494659423828125, -0.12268829345703125, 239.0
1102941, 0.004113081376999617, -0.39954033493995667, -1.4978792667388916, 0.014043365605175495, 0.02120967023074627, -0.029791587963700294, 0.0, 0.0, 0.0, 0.0, 0.0, 0.0, 0.0, 0.0021787136793136597, -0.4028596878051758, -1.4947566986083984, -0.12346309423446655, 239.0
1102961, 0.004077158402651548, -0.39958372712135315, -1.4978212118148804, 0.013710997067391872, 0.021144704893231392, -0.029578736051917076, 0.0, 0.0, 0.0, 0.0, 0.0, 0.0, 0.0, 0.001986805349588394, -0.4027576446533203, -1.494619369506836, -0.1221197172999382, 239.0
1102981, 0.004046204034239054, -0.3996334671974182, -1.4977567195892334, 0.013708442449569702, 0.02086692489683628, -0.029364537447690964, 0.0, 0.0, 0.0, 0.0, 0.0, 0.0, 0.0, 0.0025113411247730255, -0.40269041061401367, -1.4946250915527344, -0.12088941782712936, 236.0
1103001, 0.00408595334738493, -0.3995633125305176, -1.4978728294372559, 0.013924256898462772, 0.021125778555870056, -0.030078100040555, 0.0, 0.0, 0.0, 0.0, 0.0, 0.0, 0.0, 0.002125285565853119, -0.4030332565307617, -1.4946460723876953, -0.12094735354185104, 236.0
1103021, 0.004024613182991743, -0.399613618850708, -1.497836709022522, 0.013513866811990738, 0.0209221001714468, -0.030302638188004494, 0.0, 0.0, 0.0, 0.0, 0.0, 0.0, 0.0, 0.0020435526967048645, -0.4030590057373047, -1.49468994140625, -0.11997874826192856, 236.0
1103041, 0.004089176654815674, -0.39955538511276245, -1.49795663356781, 0.013915409334003925, 0.02090691588819027, -0.03083265945315361, 0.0, 0.0, 0.0, 0.0, 0.0, 0.0, 0.0, 0.002585858106613159, -0.4029231071472168, -1.4947376251220703, -0.12060986459255219, 236.0
1103061, 0.004069199785590172, -0.3995942771434784, -1.497908353805542, 0.013823198154568672, 0.020865220576524734, -0.030398540198802948, 0.0, 0.0, 0.0, 0.0, 0.0, 0.0, 0.0, 0.002344176173210144, -0.4025731086730957, -1.4946422576904297, -0.12012187391519547, 236.0
1103081, 0.0040262239053845406, -0.39965400099754333, -1.4978668689727783, 0.013708729296922684, 0.02069757506251335, -0.030561894178390503, 0.0, 0.0, 0.0, 0.0, 0.0, 0.0, 0.0, 0.0020852237939834595, -0.40299415588378906, -1.4946823120117188, -0.11825785040855408, 238.0
1103101, 0.004060437437146902, -0.39958393573760986, -1.4979965686798096, 0.01392117515206337, 0.02112731896340847, -0.03156959265470505, 0.0, 0.0, 0.0, 0.0, 0.0, 0.0, 0.0, 0.002092640846967697, -0.402895450592041, -1.4946861267089844, -0.11752147972583771, 238.0
1103121, 0.004044452216476202, -0.39962998032569885, -1.4979506731033325, 0.01396181620657444, 0.020969334989786148, -0.031181344762444496, 0.0, 0.0, 0.0, 0.0, 0.0, 0.0, 0.0, 0.0023821555078029633, -0.40286874771118164, -1.4947433471679688, -0.11776243150234222, 238.0
1103142, 0.004083353094756603, -0.3995684087276459, -1.4980720281600952, 0.014445073902606964, 0.021318037062883377, -0.03164960443973541, 0.0, 0.0, 0.0, 0.0, 0.0, 0.0, 0.0, 0.0023334063589572906, -0.4029698371887207, -1.4947452545166016, -0.1177433431148529, 238.0
1103161, 0.004084695130586624, -0.3995931148529053, -1.4980320930480957, 0.014376879669725895, 0.021456750109791756, -0.03140288591384888, 0.0, 0.0, 0.0, 0.0, 0.0, 0.0, 0.0, 0.0020041316747665405, -0.4029226303100586, -1.4947547912597656, -0.11820028722286224, 238.0
1103181, 0.004075644072145224, -0.3995714783668518, -1.4980623722076416, 0.014309466816484928, 0.02161508984863758, -0.03153670206665993, 0.0, 0.0, 0.0, 0.0, 0.0, 0.0, 0.0, 0.002193797379732132, -0.4030470848083496, -1.4947242736816406, -0.11664077639579773, 234.0
1103201, 0.003980504814535379, -0.39972123503685, -1.4978535175323486, 0.013950834050774574, 0.021210158243775368, -0.030622921884059906, 0.0, 0.0, 0.0, 0.0, 0.0, 0.0, 0.0, 0.0022058486938476562, -0.4028935432434082, -1.4946975708007812, -0.11519221216440201, 234.0
1103221, 0.0039434973150491714, -0.3997565507888794, -1.497792363166809, 0.013434677384793758, 0.02115604095160961, -0.03032045252621174, 0.0, 0.0, 0.0, 0.0, 0.0, 0.0, 0.0, 0.002292141318321228, -0.4029045104980469, -1.494710922241211, -0.1141582652926445, 234.0
1103241, 0.004026100505143404, -0.39964526891708374, -1.4979397058486938, 0.013811543583869934, 0.021558966487646103, -0.03131910786032677, 0.0, 0.0, 0.0, 0.0, 0.0, 0.0, 0.0, 0.0023690536618232727, -0.4029717445373535, -1.4947738647460938, -0.11470461636781693, 234.0
1103261, 0.003996051382273436, -0.39967918395996094, -1.4979101419448853, 0.01366396714001894, 0.021622521802783012, -0.031170057132840157, 0.0, 0.0, 0.0, 0.0, 0.0, 0.0, 0.0, 0.002184409648180008, -0.4030613899230957, -1.4947872161865234, -0.11408738791942596, 234.0
1103281, 0.0040229205042123795, -0.3996566832065582, -1.4979002475738525, 0.013783981092274189, 0.02137446403503418, -0.03132753074169159, 0.0, 0.0, 0.0, 0.0, 0.0, 0.0, 0.0, 0.0022773444652557373, -0.40253210067749023, -1.494668960571289, -0.1137247383594513, 238.0
1103302, 0.00402993755415082, -0.3996087312698364, -1.4979921579360962, 0.013594754040241241, 0.021321740001440048, -0.03156416118144989, 0.0, 0.0, 0.0, 0.0, 0.0, 0.0, 0.0, 0.002862643450498581, -0.4026355743408203, -1.4946002960205078, -0.11388082802295685, 238.0
1103321, 0.004003472160547972, -0.3996523916721344, -1.4979329109191895, 0.013084566220641136, 0.020983191207051277, -0.03106609359383583, 0.0, 0.0, 0.0, 0.0, 0.0, 0.0, 0.0, 0.0019255578517913818, -0.402862548828125, -1.4948863983154297, -0.11362439393997192, 238.0
1103341, 0.004005370195955038, -0.39959338307380676, -1.4980260133743286, 0.01286183949559927, 0.020707912743091583, -0.03112616203725338, 0.0, 0.0, 0.0, 0.0, 0.0, 0.0, 0.0, 0.00207553431391716, -0.40285539627075195, -1.494729995727539, -0.11271999031305313, 238.0
1103361, 0.003962767776101828, -0.3996512293815613, -1.4979214668273926, 0.01296620536595583, 0.020405741408467293, -0.03025379218161106, 0.0, 0.0, 0.0, 0.0, 0.0, 0.0, 0.0, 0.0021856091916561127, -0.40244340896606445, -1.4946136474609375, -0.1107482835650444, 238.0
1103381, 0.004001119174063206, -0.39961129426956177, -1.4979993104934692, 0.013013648800551891, 0.020617865025997162, -0.030509795993566513, 0.0, 0.0, 0.0, 0.0, 0.0, 0.0, 0.0, 0.0022480934858322144, -0.4030265808105469, -1.4948177337646484, -0.11028578877449036, 238.0
1103401, 0.003947824239730835, -0.3996840715408325, -1.497894287109375, 0.01262512244284153, 0.020307941362261772, -0.029693616554141045, 0.0, 0.0, 0.0, 0.0, 0.0, 0.0, 0.0, 0.0024603381752967834, -0.4028491973876953, -1.4948768615722656, -0.11029940098524094, 238.0
1103421, 0.0039003249257802963, -0.3997448682785034, -1.4977999925613403, 0.012337865307927132, 0.019969560205936432, -0.02927136979997158, 0.0, 0.0, 0.0, 0.0, 0.0, 0.0, 0.0, 0.0024127699434757233, -0.4026355743408203, -1.4946784973144531, -0.10879825800657272, 238.0
1103441, 0.0039299242198467255, -0.3996933400630951, -1.497857689857483, 0.012459089048206806, 0.02017613872885704, -0.02930174581706524, 0.0, 0.0, 0.0, 0.0, 0.0, 0.0, 0.0, 0.002304632216691971, -0.40261220932006836, -1.494659423828125, -0.10668370872735977, 238.0
1103461, 0.003883959259837866, -0.3997582793235779, -1.4977678060531616, 0.012514526024460793, 0.019789256155490875, -0.028552411124110222, 0.0, 0.0, 0.0, 0.0, 0.0, 0.0, 0.0, 0.0025786012411117554, -0.40260934829711914, -1.494720458984375, -0.10636359453201294, 238.0
1103481, 0.00391311664134264, -0.39969441294670105, -1.4978359937667847, 0.01268038060516119, 0.019984276965260506, -0.028942449018359184, 0.0, 0.0, 0.0, 0.0, 0.0, 0.0, 0.0, 0.0019141584634780884, -0.4028477668762207, -1.4946441650390625, -0.1078432947397232, 235.0
1103501, 0.003879186697304249, -0.3997574746608734, -1.4977391958236694, 0.012720577418804169, 0.019946448504924774, -0.028903143480420113, 0.0, 0.0, 0.0, 0.0, 0.0, 0.0, 0.0, 0.00268370658159256, -0.40288209915161133, -1.4947700500488281, -0.10662909597158432, 235.0
1103521, 0.0038462774828076363, -0.39981570839881897, -1.497686743736267, 0.012735781259834766, 0.0195907074958086, -0.028850875794887543, 0.0, 0.0, 0.0, 0.0, 0.0, 0.0, 0.0, 0.002299424260854721, -0.40291690826416016, -1.4947357177734375, -0.10635857284069061, 235.0
1103541, 0.003899714909493923, -0.39975976943969727, -1.497784972190857, 0.012951154261827469, 0.019666975364089012, -0.029237326234579086, 0.0, 0.0, 0.0, 0.0, 0.0, 0.0, 0.0, 0.0024048462510108948, -0.4028801918029785, -1.4946823120117188, -0.10505761951208115, 235.0
1103561, 0.00388531107455492, -0.3997954726219177, -1.497719168663025, 0.01320077758282423, 0.019671697169542313, -0.02886028215289116, 0.0, 0.0, 0.0, 0.0, 0.0, 0.0, 0.0, 0.0022326260805130005, -0.40274524688720703, -1.4947223663330078, -0.10421965271234512, 235.0
1103581, 0.003939619287848473, -0.39973580837249756, -1.4978374242782593, 0.013479051180183887, 0.019843310117721558, -0.029357124119997025, 0.0, 0.0, 0.0, 0.0, 0.0, 0.0, 0.0, 0.0023913346230983734, -0.4029850959777832, -1.4947795867919922, -0.10451323539018631, 240.0
1103601, 0.003917166963219643, -0.3997833728790283, -1.4977532625198364, 0.013452940620481968, 0.019550077617168427, -0.029107408598065376, 0.0, 0.0, 0.0, 0.0, 0.0, 0.0, 0.0, 0.0020259805023670197, -0.4027137756347656, -1.4946842193603516, -0.10495612025260925, 240.0
1103621, 0.0038818211760371923, -0.3998314142227173, -1.4977110624313354, 0.013345004059374332, 0.01924637146294117, -0.028761351481080055, 0.0, 0.0, 0.0, 0.0, 0.0, 0.0, 0.0, 0.0022075213491916656, -0.40281057357788086, -1.49481201171875, -0.10484105348587036, 240.0
1103641, 0.003963532391935587, -0.3997648060321808, -1.4978231191635132, 0.01342732086777687, 0.01959899254143238, -0.02939756028354168, 0.0, 0.0, 0.0, 0.0, 0.0, 0.0, 0.0, 0.0027161315083503723, -0.4026675224304199, -1.4946327209472656, -0.10420143604278564, 240.0
1103661, 0.003914966247975826, -0.39981886744499207, -1.4977601766586304, 0.013191311620175838, 0.019471127539873123, -0.029314983636140823, 0.0, 0.0, 0.0, 0.0, 0.0, 0.0, 0.0, 0.002227429300546646, -0.40270423889160156, -1.4946174621582031, -0.1036139652132988, 240.0
1103681, 0.00398370111361146, -0.3997606337070465, -1.497870922088623, 0.013448342680931091, 0.019685490056872368, -0.029890935868024826, 0.0, 0.0, 0.0, 0.0, 0.0, 0.0, 0.0, 0.002686779946088791, -0.40294408798217773, -1.4947452545166016, -0.10254061222076416, 234.0
1103701, 0.00396553473547101, -0.3997986912727356, -1.497804880142212, 0.013484450988471508, 0.019844746217131615, -0.02952859364449978, 0.0, 0.0, 0.0, 0.0, 0.0, 0.0, 0.0, 0.0021173954010009766, -0.4029269218444824, -1.4947452545166016, -0.1010071337223053, 234.0
1103721, 0.00392306549474597, -0.3998459577560425, -1.4977695941925049, 0.013438130728900433, 0.019566962495446205, -0.029542580246925354, 0.0, 0.0, 0.0, 0.0, 0.0, 0.0, 0.0, 0.0023615844547748566, -0.4029264450073242, -1.4947242736816406, -0.1003398522734642, 234.0
1103742, 0.00401943689212203, -0.39972132444381714, -1.4979503154754639, 0.013804428279399872, 0.020178239792585373, -0.03025367110967636, 0.0, 0.0, 0.0, 0.0, 0.0, 0.0, 0.0, 0.002479344606399536, -0.40299224853515625, -1.4947128295898438, -0.1000908836722374, 234.0
1103761, 0.004030861891806126, -0.39971402287483215, -1.4979736804962158, 0.013632865622639656, 0.02033303864300251, -0.03036852553486824, 0.0, 0.0, 0.0, 0.0, 0.0, 0.0, 0.0, 0.002128828316926956, -0.4028949737548828, -1.4947166442871094, -0.09829510003328323, 234.0
1103781, 0.004088054411113262, -0.3996375799179077, -1.4980664253234863, 0.014067712239921093, 0.020523931831121445, -0.030569780617952347, 0.0, 0.0, 0.0, 0.0, 0.0, 0.0, 0.0, 0.0022096633911132812, -0.40282678604125977, -1.4947776794433594, -0.09922700375318527, 235.0
1103802, 0.004035506397485733, -0.39967381954193115, -1.4979883432388306, 0.013748841360211372, 0.020629508420825005, -0.03013666160404682, 0.0, 0.0, 0.0, 0.0, 0.0, 0.0, 0.0, 0.002130512148141861, -0.4028315544128418, -1.4946708679199219, -0.09773360937833786, 235.0
1103821, 0.0040585617534816265, -0.39964932203292847, -1.4979896545410156, 0.013606810010969639, 0.02052922360599041, -0.030263258144259453, 0.0, 0.0, 0.0, 0.0, 0.0, 0.0, 0.0, 0.0025151781737804413, -0.4029850959777832, -1.4948177337646484, -0.09749303013086319, 235.0
1103842, 0.00399684626609087, -0.3997610807418823, -1.497817873954773, 0.013299875892698765, 0.020161960273981094, -0.02931904047727585, 0.0, 0.0, 0.0, 0.0, 0.0, 0.0, 0.0, 0.0023347176611423492, -0.4028029441833496, -1.4946975708007812, -0.09598992019891739, 235.0
1103861, 0.003948948346078396, -0.3997909724712372, -1.4977895021438599, 0.013000120408833027, 0.02008107304573059, -0.029035517945885658, 0.0, 0.0, 0.0, 0.0, 0.0, 0.0, 0.0, 0.0019421465694904327, -0.40297842025756836, -1.494720458984375, -0.09667704999446869, 235.0
1103881, 0.003918967675417662, -0.3998293876647949, -1.4977056980133057, 0.012959372252225876, 0.019795028492808342, -0.028645910322666168, 0.0, 0.0, 0.0, 0.0, 0.0, 0.0, 0.0, 0.001977689564228058, -0.40296316146850586, -1.494710922241211, -0.0967894196510315, 239.0
1103902, 0.003958044108003378, -0.3997744917869568, -1.497786283493042, 0.013478090986609459, 0.019732264801859856, -0.029059872031211853, 0.0, 0.0, 0.0, 0.0, 0.0, 0.0, 0.0, 0.0021652951836586, -0.40294790267944336, -1.4946784973144531, -0.09627653658390045, 239.0
1103921, 0.003919234964996576, -0.39983975887298584, -1.4976930618286133, 0.013330187648534775, 0.019560551270842552, -0.028305010870099068, 0.0, 0.0, 0.0, 0.0, 0.0, 0.0, 0.0, 0.002081453800201416, -0.40298938751220703, -1.4946212768554688, -0.09412533044815063, 239.0
1103942, 0.003955894615501165, -0.39978957176208496, -1.497760534286499, 0.0135774165391922, 0.019350150600075722, -0.028856858611106873, 0.0, 0.0, 0.0, 0.0, 0.0, 0.0, 0.0, 0.002349209040403366, -0.40252208709716797, -1.4946632385253906, -0.09360666573047638, 239.0
1103961, 0.003931832034140825, -0.3998347818851471, -1.497687578201294, 0.013370778411626816, 0.01912948302924633, -0.02868378534913063, 0.0, 0.0, 0.0, 0.0, 0.0, 0.0, 0.0, 0.0023324228823184967, -0.4029049873352051, -1.4946517944335938, -0.09423946589231491, 239.0
1103981, 0.0039786966517567635, -0.3997964560985565, -1.4977421760559082, 0.013391727581620216, 0.01926102302968502, -0.028812196105718613, 0.0, 0.0, 0.0, 0.0, 0.0, 0.0, 0.0, 0.0025055930018424988, -0.40285539627075195, -1.494659423828125, -0.09485819935798645, 241.0
1104001, 0.003953165374696255, -0.399853378534317, -1.4976704120635986, 0.013479607179760933, 0.01917305774986744, -0.02854255959391594, 0.0, 0.0, 0.0, 0.0, 0.0, 0.0, 0.0, 0.0022888407111167908, -0.4027590751647949, -1.4946823120117188, -0.09537772834300995, 241.0
1104021, 0.0040120938792824745, -0.39977604150772095, -1.4977725744247437, 0.013478572480380535, 0.01946190930902958, -0.029211727902293205, 0.0, 0.0, 0.0, 0.0, 0.0, 0.0, 0.0, 0.0019313618540763855, -0.4028940200805664, -1.4946479797363281, -0.09477192163467407, 241.0
1104041, 0.003968168515712023, -0.3998444080352783, -1.497696876525879, 0.013083098456263542, 0.018994277343153954, -0.029207296669483185, 0.0, 0.0, 0.0, 0.0, 0.0, 0.0, 0.0, 0.0020797215402126312, -0.4028129577636719, -1.4946632385253906, -0.0931379497051239, 241.0
1104061, 0.003924154210835695, -0.3998928964138031, -1.4976415634155273, 0.012837827205657959, 0.01877644658088684, -0.02914353460073471, 0.0, 0.0, 0.0, 0.0, 0.0, 0.0, 0.0, 0.0023016706109046936, -0.4028968811035156, -1.4947547912597656, -0.0923716127872467, 241.0
1104081, 0.003961759153753519, -0.3998425602912903, -1.497757077217102, 0.012827965430915356, 0.018868613988161087, -0.02975517511367798, 0.0, 0.0, 0.0, 0.0, 0.0, 0.0, 0.0, 0.0018378905951976776, -0.40310001373291016, -1.4947929382324219, -0.09129974246025085, 242.0
1104101, 0.003927974961698055, -0.3998955190181732, -1.4977034330368042, 0.012682820670306683, 0.018578534945845604, -0.029686927795410156, 0.0, 0.0, 0.0, 0.0, 0.0, 0.0, 0.0, 0.0020175613462924957, -0.40283966064453125, -1.4946537017822266, -0.09179303050041199, 242.0
1104121, 0.003947543445974588, -0.3998451828956604, -1.4978142976760864, 0.012938479892909527, 0.018650894984602928, -0.030367180705070496, 0.0, 0.0, 0.0, 0.0, 0.0, 0.0, 0.0, 0.002093251794576645, -0.4029383659362793, -1.4946632385253906, -0.09079562872648239, 242.0
1104141, 0.003913429565727711, -0.39990323781967163, -1.497757077217102, 0.012702061794698238, 0.01864427514374256, -0.029965098947286606, 0.0, 0.0, 0.0, 0.0, 0.0, 0.0, 0.0, 0.0019020773470401764, -0.4029250144958496, -1.4946956634521484, -0.09101255983114243, 242.0
1104161, 0.003870407585054636, -0.3999521732330322, -1.4977295398712158, 0.012554974295198917, 0.018421050161123276, -0.02986934967339039, 0.0, 0.0, 0.0, 0.0, 0.0, 0.0, 0.0, 0.0021955035626888275, -0.4028644561767578, -1.4947586059570312, -0.08874291181564331, 242.0
1104181, 0.003925943747162819, -0.3998842239379883, -1.49785578250885, 0.012764924205839634, 0.018826698884367943, -0.03095843642950058, 0.0, 0.0, 0.0, 0.0, 0.0, 0.0, 0.0, 0.0023151785135269165, -0.4028439521789551, -1.494771957397461, -0.08904071897268295, 241.0
1104201, 0.0038860465865582228, -0.3999326229095459, -1.4978160858154297, 0.012658403255045414, 0.01866772770881653, -0.030538341030478477, 0.0, 0.0, 0.0, 0.0, 0.0, 0.0, 0.0, 0.0021767914295196533, -0.40291261672973633, -1.494710922241211, -0.08742551505565643, 241.0
1104221, 0.0038547408767044544, -0.39997801184654236, -1.497779130935669, 0.01307087205350399, 0.018610794097185135, -0.03035072237253189, 0.0, 0.0, 0.0, 0.0, 0.0, 0.0, 0.0, 0.0023884400725364685, -0.4028506278991699, -1.4947452545166016, -0.08725511282682419, 241.0
1104242, 0.003900387790054083, -0.3999115228652954, -1.4978878498077393, 0.013495148159563541, 0.018942175433039665, -0.031018879264593124, 0.0, 0.0, 0.0, 0.0, 0.0, 0.0, 0.0, 0.0024489648640155792, -0.4027833938598633, -1.4946918487548828, -0.08707184344530106, 241.0
1104261, 0.0038928587455302477, -0.39994925260543823, -1.497859239578247, 0.013744112104177475, 0.018830683082342148, -0.03058607317507267, 0.0, 0.0, 0.0, 0.0, 0.0, 0.0, 0.0, 0.002215903252363205, -0.4028620719909668, -1.4946670532226562, -0.08617130666971207, 241.0
1104281, 0.0039937156252563, -0.39981865882873535, -1.4980523586273193, 0.013842867687344551, 0.01966652274131775, -0.03162144497036934, 0.0, 0.0, 0.0, 0.0, 0.0, 0.0, 0.0, 0.00244339182972908, -0.40270280838012695, -1.4946784973144531, -0.08554544299840927, 240.0
1104301, 0.003970534540712833, -0.399867981672287, -1.4979887008666992, 0.013638238422572613, 0.019494738429784775, -0.031476352363824844, 0.0, 0.0, 0.0, 0.0, 0.0, 0.0, 0.0, 0.002232193946838379, -0.40310144424438477, -1.4947261810302734, -0.08452383428812027, 240.0
1104321, 0.003933497238904238, -0.39989301562309265, -1.4979496002197266, 0.013779070228338242, 0.019279900938272476, -0.03129033371806145, 0.0, 0.0, 0.0, 0.0, 0.0, 0.0, 0.0, 0.0019822269678115845, -0.4029197692871094, -1.4947090148925781, -0.08435919880867004, 240.0
1104342, 0.003985805436968803, -0.39983507990837097, -1.4980621337890625, 0.014092415571212769, 0.019263679161667824, -0.03185315057635307, 0.0, 0.0, 0.0, 0.0, 0.0, 0.0, 0.0, 0.002351313829421997, -0.40294837951660156, -1.4946613311767578, -0.08539021015167236, 240.0
1104361, 0.003980792127549648, -0.39986157417297363, -1.4979945421218872, 0.014198052696883678, 0.019257256761193275, -0.03138578683137894, 0.0, 0.0, 0.0, 0.0, 0.0, 0.0, 0.0, 0.002474658191204071, -0.40288448333740234, -1.4946441650390625, -0.08602872490882874, 240.0
1104381, 0.004055123310536146, -0.3997695744037628, -1.4981558322906494, 0.014639521948993206, 0.01930217258632183, -0.03216428682208061, 0.0, 0.0, 0.0, 0.0, 0.0, 0.0, 0.0, 0.0022795237600803375, -0.40287208557128906, -1.4947071075439453, -0.08447061479091644, 243.0
1104401, 0.004065226297825575, -0.39980193972587585, -1.4981286525726318, 0.014828847721219063, 0.019124457612633705, -0.03216069936752319, 0.0, 0.0, 0.0, 0.0, 0.0, 0.0, 0.0, 0.0024517998099327087, -0.4030318260192871, -1.4947700500488281, -0.08286450058221817, 243.0
1104421, 0.004038548097014427, -0.39985236525535583, -1.4980436563491821, 0.01435777172446251, 0.018833009526133537, -0.03128162771463394, 0.0, 0.0, 0.0, 0.0, 0.0, 0.0, 0.0, 0.0020424984395503998, -0.4026789665222168, -1.4947319030761719, -0.08174396306276321, 243.0
1104442, 0.004092106129974127, -0.3997851610183716, -1.4981461763381958, 0.014455030672252178, 0.018985917791724205, -0.03160225600004196, 0.0, 0.0, 0.0, 0.0, 0.0, 0.0, 0.0, 0.0021588988602161407, -0.4029555320739746, -1.4947090148925781, -0.0832420289516449, 243.0
1104461, 0.004070525988936424, -0.3998406231403351, -1.4980862140655518, 0.014097779057919979, 0.018465377390384674, -0.031217660754919052, 0.0, 0.0, 0.0, 0.0, 0.0, 0.0, 0.0, 0.0020720884203910828, -0.40311336517333984, -1.4947338104248047, -0.08793506771326065, 243.0
1104481, 0.004116203635931015, -0.39979657530784607, -1.4981613159179688, 0.0139724500477314, 0.018694037571549416, -0.031221210956573486, 0.0, 0.0, 0.0, 0.0, 0.0, 0.0, 0.0, 0.0025172680616378784, -0.40288734436035156, -1.494699478149414, -0.08663767576217651, 239.0
1104501, 0.004089010879397392, -0.3998408615589142, -1.4980449676513672, 0.01381068304181099, 0.018553733825683594, -0.030032679438591003, 0.0, 0.0, 0.0, 0.0, 0.0, 0.0, 0.0, 0.0023162104189395905, -0.4024786949157715, -1.4945507049560547, -0.08907895535230637, 239.0
1104521, 0.004036478698253632, -0.3999149203300476, -1.497908115386963, 0.01351193431764841, 0.01837886869907379, -0.028880314901471138, 0.0, 0.0, 0.0, 0.0, 0.0, 0.0, 0.0, 0.002299029380083084, -0.4027576446533203, -1.4947261810302734, -0.0881253331899643, 239.0
1104541, 0.004060595296323299, -0.39986300468444824, -1.4979662895202637, 0.013421254232525826, 0.018443651497364044, -0.02881060168147087, 0.0, 0.0, 0.0, 0.0, 0.0, 0.0, 0.0, 0.0026174671947956085, -0.4028029441833496, -1.494720458984375, -0.08808741718530655, 239.0
1104561, 0.004028979688882828, -0.3999073803424835, -1.4978551864624023, 0.013355253264307976, 0.01843816600739956, -0.02845262922346592, 0.0, 0.0, 0.0, 0.0, 0.0, 0.0, 0.0, 0.0021792910993099213, -0.4029989242553711, -1.494720458984375, -0.08765914291143417, 239.0
1104581, 0.004063236992806196, -0.3998613953590393, -1.497915506362915, 0.01378993596881628, 0.01869097910821438, -0.028775958344340324, 0.0, 0.0, 0.0, 0.0, 0.0, 0.0, 0.0, 0.0020040906965732574, -0.4028334617614746, -1.4946975708007812, -0.08619757741689682, 240.0
1104601, 0.004014058969914913, -0.3999146819114685, -1.4978196620941162, 0.01357985194772482, 0.01853872649371624, -0.028780894353985786, 0.0, 0.0, 0.0, 0.0, 0.0, 0.0, 0.0, 0.0020655766129493713, -0.40289926528930664, -1.4946880340576172, -0.08486965298652649, 240.0
1104621, 0.003998300991952419, -0.3999517560005188, -1.4977103471755981, 0.013364681974053383, 0.01845884509384632, -0.028253328055143356, 0.0, 0.0, 0.0, 0.0, 0.0, 0.0, 0.0, 0.002423252910375595, -0.40276098251342773, -1.4947071075439453, -0.08432332426309586, 240.0
1104641, 0.004038434475660324, -0.3998956084251404, -1.4977952241897583, 0.01364167220890522, 0.018702084198594093, -0.028395026922225952, 0.0, 0.0, 0.0, 0.0, 0.0, 0.0, 0.0, 0.0024083442986011505, -0.4028167724609375, -1.4947986602783203, -0.08489664644002914, 240.0
1104661, 0.004018884152173996, -0.3999131917953491, -1.4977353811264038, 0.013428718782961369, 0.018443122506141663, -0.028429532423615456, 0.0, 0.0, 0.0, 0.0, 0.0, 0.0, 0.0, 0.0022842809557914734, -0.4025735855102539, -1.4946746826171875, -0.08541038632392883, 240.0
1104681, 0.004031620919704437, -0.3998744487762451, -1.49782133102417, 0.013131105341017246, 0.018518297001719475, -0.029092291370034218, 0.0, 0.0, 0.0, 0.0, 0.0, 0.0, 0.0, 0.002118349075317383, -0.40308332443237305, -1.4946861267089844, -0.08567604422569275, 237.0
1104701, 0.004015002865344286, -0.3999033570289612, -1.4977643489837646, 0.013026212342083454, 0.018497537821531296, -0.02890108712017536, 0.0, 0.0, 0.0, 0.0, 0.0, 0.0, 0.0, 0.002066332846879959, -0.402921199798584, -1.4947509765625, -0.08414953947067261, 237.0
1104721, 0.004026127979159355, -0.39984461665153503, -1.4978758096694946, 0.012991014868021011, 0.018892982974648476, -0.02939394675195217, 0.0, 0.0, 0.0, 0.0, 0.0, 0.0, 0.0, 0.0020216815173625946, -0.4032282829284668, -1.4947490692138672, -0.08346250653266907, 237.0
1104741, 0.003997069783508778, -0.399883508682251, -1.4978139400482178, 0.012766855768859386, 0.01865275949239731, -0.029427260160446167, 0.0, 0.0, 0.0, 0.0, 0.0, 0.0, 0.0, 0.0027132444083690643, -0.4025917053222656, -1.4946651458740234, -0.08225598931312561, 237.0
1104761, 0.003953146282583475, -0.3999166786670685, -1.4977591037750244, 0.012755515985190868, 0.01853763312101364, -0.029799923300743103, 0.0, 0.0, 0.0, 0.0, 0.0, 0.0, 0.0, 0.0020897574722766876, -0.4028472900390625, -1.4947834014892578, -0.08219307661056519, 237.0
1104781, 0.003989179152995348, -0.39986246824264526, -1.4978829622268677, 0.01284685730934143, 0.018754757940769196, -0.030389314517378807, 0.0, 0.0, 0.0, 0.0, 0.0, 0.0, 0.0, 0.0023864619433879852, -0.40290117263793945, -1.4946765899658203, -0.08281747251749039, 239.0
1104801, 0.003952504135668278, -0.39990556240081787, -1.4978491067886353, 0.012781884521245956, 0.018539439886808395, -0.030153824016451836, 0.0, 0.0, 0.0, 0.0, 0.0, 0.0, 0.0, 0.0027116797864437103, -0.4028587341308594, -1.4947929382324219, -0.08200885355472565, 239.0
1104821, 0.003997165244072676, -0.3998275101184845, -1.4979873895645142, 0.012821760959923267, 0.01855783723294735, -0.03091980516910553, 0.0, 0.0, 0.0, 0.0, 0.0, 0.0, 0.0, 0.0022117458283901215, -0.4028053283691406, -1.4947052001953125, -0.08024223893880844, 239.0
1104841, 0.003944899421185255, -0.3998757302761078, -1.4979394674301147, 0.012988604605197906, 0.018275786191225052, -0.031064284965395927, 0.0, 0.0, 0.0, 0.0, 0.0, 0.0, 0.0, 0.0022999420762062073, -0.4025750160217285, -1.4946479797363281, -0.08066833019256592, 239.0
1104861, 0.003950523212552071, -0.3998960852622986, -1.497950553894043, 0.013285606168210506, 0.0178997740149498, -0.03120981715619564, 0.0, 0.0, 0.0, 0.0, 0.0, 0.0, 0.0, 0.00227988138794899, -0.4027872085571289, -1.494821548461914, -0.07999658584594727, 239.0
1104881, 0.003883340395987034, -0.39999985694885254, -1.4978044033050537, 0.01309626642614603, 0.017649460583925247, -0.030525948852300644, 0.0, 0.0, 0.0, 0.0, 0.0, 0.0, 0.0, 0.0024265050888061523, -0.40292835235595703, -1.4948463439941406, -0.0789903923869133, 235.0
1104901, 0.0038666222244501114, -0.40003111958503723, -1.4978065490722656, 0.013106049038469791, 0.017710577696561813, -0.030718736350536346, 0.0, 0.0, 0.0, 0.0, 0.0, 0.0, 0.0, 0.002426307648420334, -0.40274620056152344, -1.4947376251220703, -0.07784101366996765, 235.0
1104921, 0.0038574044592678547, -0.40007472038269043, -1.4977575540542603, 0.013267876580357552, 0.017745966091752052, -0.030437598004937172, 0.0, 0.0, 0.0, 0.0, 0.0, 0.0, 0.0, 0.002478998154401779, -0.4028191566467285, -1.4945697784423828, -0.07684052735567093, 235.0
1104941, 0.003920248243957758, -0.3999941051006317, -1.4979026317596436, 0.013600965961813927, 0.018123731017112732, -0.031003165990114212, 0.0, 0.0, 0.0, 0.0, 0.0, 0.0, 0.0, 0.002656318247318268, -0.4026813507080078, -1.4947776794433594, -0.0758889690041542, 235.0
1104961, 0.003927546553313732, -0.3999900221824646, -1.4979192018508911, 0.013321023434400558, 0.01826968975365162, -0.03109564259648323, 0.0, 0.0, 0.0, 0.0, 0.0, 0.0, 0.0, 0.00204351544380188, -0.40302562713623047, -1.4948081970214844, -0.07632356137037277, 235.0
1104982, 0.003961713518947363, -0.3999215066432953, -1.498025894165039, 0.013334427028894424, 0.018069490790367126, -0.03113025799393654, 0.0, 0.0, 0.0, 0.0, 0.0, 0.0, 0.0, 0.0024749822914600372, -0.40257835388183594, -1.4946670532226562, -0.0757366493344307, 236.0
1105001, 0.003933975473046303, -0.3999735713005066, -1.4979429244995117, 0.013124019838869572, 0.017899826169013977, -0.030473046004772186, 0.0, 0.0, 0.0, 0.0, 0.0, 0.0, 0.0, 0.0026392973959445953, -0.4029545783996582, -1.4947929382324219, -0.07694041728973389, 236.0
1105021, 0.003984083421528339, -0.3999157249927521, -1.498049020767212, 0.01292644813656807, 0.01813320629298687, -0.030909650027751923, 0.0, 0.0, 0.0, 0.0, 0.0, 0.0, 0.0, 0.0025489963591098785, -0.402829647064209, -1.4946174621582031, -0.07523989677429199, 236.0
1105042, 0.003921022173017263, -0.39997825026512146, -1.4979429244995117, 0.012311961501836777, 0.017802882939577103, -0.029895445331931114, 0.0, 0.0, 0.0, 0.0, 0.0, 0.0, 0.0, 0.002537604421377182, -0.4025859832763672, -1.4946308135986328, -0.075578473508358, 236.0
1105061, 0.0038831252604722977, -0.40002062916755676, -1.4978394508361816, 0.012308366596698761, 0.01787383481860161, -0.028999853879213333, 0.0, 0.0, 0.0, 0.0, 0.0, 0.0, 0.0, 0.0022829286754131317, -0.40256595611572266, -1.4946250915527344, -0.07533515989780426, 236.0
1105082, 0.00391329824924469, -0.3999655842781067, -1.4979076385498047, 0.012538178823888302, 0.01814870536327362, -0.02934414893388748, 0.0, 0.0, 0.0, 0.0, 0.0, 0.0, 0.0, 0.0021755173802375793, -0.40301036834716797, -1.4947662353515625, -0.07474290579557419, 244.0
1105101, 0.003884576726704836, -0.3999965190887451, -1.497792363166809, 0.012191424146294594, 0.017959777265787125, -0.02887588180601597, 0.0, 0.0, 0.0, 0.0, 0.0, 0.0, 0.0, 0.002403348684310913, -0.40267133712768555, -1.4946918487548828, -0.07508280128240585, 244.0
1105121, 0.0038924175314605236, -0.3999525010585785, -1.497877597808838, 0.011995652690529823, 0.01832282915711403, -0.029416615143418312, 0.0, 0.0, 0.0, 0.0, 0.0, 0.0, 0.0, 0.002158425748348236, -0.40301513671875, -1.494720458984375, -0.07634072750806808, 244.0
1105141, 0.003853580914437771, -0.4000014066696167, -1.4977666139602661, 0.012070258148014545, 0.018036838620901108, -0.028480393812060356, 0.0, 0.0, 0.0, 0.0, 0.0, 0.0, 0.0, 0.002849772572517395, -0.4027271270751953, -1.4948253631591797, -0.07491330057382584, 244.0
1105161, 0.003822829108685255, -0.4000394344329834, -1.4976744651794434, 0.012022235430777073, 0.017854221165180206, -0.028183799237012863, 0.0, 0.0, 0.0, 0.0, 0.0, 0.0, 0.0, 0.0022406242787837982, -0.40282678604125977, -1.494668960571289, -0.0759487971663475, 244.0
1105181, 0.0038712001405656338, -0.39999082684516907, -1.4977537393569946, 0.012128458358347416, 0.017652053385972977, -0.028818726539611816, 0.0, 0.0, 0.0, 0.0, 0.0, 0.0, 0.0, 0.002719033509492874, -0.4026947021484375, -1.4947681427001953, -0.07490720599889755, 233.0
1105201, 0.0038371591363102198, -0.40004149079322815, -1.4976714849472046, 0.01217007078230381, 0.017256110906600952, -0.02811109460890293, 0.0, 0.0, 0.0, 0.0, 0.0, 0.0, 0.0, 0.0018984079360961914, -0.4027876853942871, -1.4946937561035156, -0.075332872569561, 233.0
1105221, 0.003853695699945092, -0.39999428391456604, -1.4977751970291138, 0.012151027098298073, 0.017480669543147087, -0.028725268319249153, 0.0, 0.0, 0.0, 0.0, 0.0, 0.0, 0.0, 0.0020339936017990112, -0.40287303924560547, -1.494802474975586, -0.07509587705135345, 233.0
1105241, 0.0038266752380877733, -0.40004152059555054, -1.4976953268051147, 0.012048749253153801, 0.01747250184416771, -0.028355607762932777, 0.0, 0.0, 0.0, 0.0, 0.0, 0.0, 0.0, 0.0024444274604320526, -0.4028916358947754, -1.4946346282958984, -0.07399936765432358, 233.0
1105261, 0.0038086313288658857, -0.40008676052093506, -1.4976308345794678, 0.012044636532664299, 0.01708601973950863, -0.02821638621389866, 0.0, 0.0, 0.0, 0.0, 0.0, 0.0, 0.0, 0.001967664808034897, -0.402799129486084, -1.4946327209472656, -0.07359746098518372, 233.0
1105281, 0.0038371363189071417, -0.40004003047943115, -1.4977439641952515, 0.012328802607953548, 0.016782838851213455, -0.02905234321951866, 0.0, 0.0, 0.0, 0.0, 0.0, 0.0, 0.0, 0.001797545701265335, -0.4029521942138672, -1.4947280883789062, -0.07316896319389343, 242.0
1105301, 0.0038284368347376585, -0.40009447932243347, -1.497685432434082, 0.012418419122695923, 0.01664884388446808, -0.029127437621355057, 0.0, 0.0, 0.0, 0.0, 0.0, 0.0, 0.0, 0.002535708248615265, -0.4026026725769043, -1.4947700500488281, -0.07454349100589752, 242.0
1105321, 0.003876893315464258, -0.4000408947467804, -1.497809886932373, 0.01264769397675991, 0.017003199085593224, -0.03009444661438465, 0.0, 0.0, 0.0, 0.0, 0.0, 0.0, 0.0, 0.0022161081433296204, -0.40302276611328125, -1.4947967529296875, -0.07507754117250443, 242.0
1105341, 0.00384596548974514, -0.40009430050849915, -1.4977699518203735, 0.012553169392049313, 0.016887644305825233, -0.030202222988009453, 0.0, 0.0, 0.0, 0.0, 0.0, 0.0, 0.0, 0.0021437257528305054, -0.40287303924560547, -1.4946403503417969, -0.07446913421154022, 242.0
1105361, 0.0038259150460362434, -0.4001213312149048, -1.4977391958236694, 0.012336118146777153, 0.01687663234770298, -0.030398663133382797, 0.0, 0.0, 0.0, 0.0, 0.0, 0.0, 0.0, 0.0026531927287578583, -0.4025287628173828, -1.494710922241211, -0.0740698054432869, 242.0
1105382, 0.0038796074222773314, -0.40005090832710266, -1.4979172945022583, 0.012252045795321465, 0.017081810161471367, -0.031186962500214577, 0.0, 0.0, 0.0, 0.0, 0.0, 0.0, 0.0, 0.0020082518458366394, -0.402982234954834, -1.4946765899658203, -0.07487156242132187, 237.0
1105401, 0.0038537252694368362, -0.4000900685787201, -1.4978636503219604, 0.01246971171349287, 0.01680879108607769, -0.030878519639372826, 0.0, 0.0, 0.0, 0.0, 0.0, 0.0, 0.0, 0.0024149008095264435, -0.4025726318359375, -1.494638442993164, -0.07445339113473892, 237.0
1105421, 0.0038184509612619877, -0.40014758706092834, -1.497833490371704, 0.012348088435828686, 0.016619767993688583, -0.03059769980609417, 0.0, 0.0, 0.0, 0.0, 0.0, 0.0, 0.0, 0.0023201629519462585, -0.40287256240844727, -1.494720458984375, -0.07360102981328964, 237.0
1105441, 0.0038869865238666534, -0.40006953477859497, -1.49800705909729, 0.01245188433676958, 0.01679210551083088, -0.031691547483205795, 0.0, 0.0, 0.0, 0.0, 0.0, 0.0, 0.0, 0.0024334676563739777, -0.4030475616455078, -1.4948177337646484, -0.07351303845643997, 237.0
1105461, 0.003868883242830634, -0.4000795781612396, -1.4979891777038574, 0.01245187409222126, 0.016631484031677246, -0.031413715332746506, 0.0, 0.0, 0.0, 0.0, 0.0, 0.0, 0.0, 0.002253018319606781, -0.4028449058532715, -1.4946441650390625, -0.07328830659389496, 237.0
1105481, 0.003909829538315535, -0.40004321932792664, -1.498113989830017, 0.012728721834719181, 0.016867272555828094, -0.03169504925608635, 0.0, 0.0, 0.0, 0.0, 0.0, 0.0, 0.0, 0.0022163502871990204, -0.40300655364990234, -1.4947433471679688, -0.07267981767654419, 237.0
1105501, 0.003893624059855938, -0.40007272362709045, -1.498092770576477, 0.012405886314809322, 0.01678607426583767, -0.03182896226644516, 0.0, 0.0, 0.0, 0.0, 0.0, 0.0, 0.0, 0.0021812357008457184, -0.40297412872314453, -1.494577407836914, -0.07170940190553665, 237.0
1105521, 0.0038278771098703146, -0.4001677632331848, -1.4979180097579956, 0.012083422392606735, 0.01638922467827797, -0.03090762346982956, 0.0, 0.0, 0.0, 0.0, 0.0, 0.0, 0.0, 0.002335723489522934, -0.4026808738708496, -1.4947338104248047, -0.07137347757816315, 237.0
1105541, 0.003821218851953745, -0.4001713693141937, -1.4979243278503418, 0.012070704251527786, 0.015975700691342354, -0.030606508255004883, 0.0, 0.0, 0.0, 0.0, 0.0, 0.0, 0.0, 0.0026293769478797913, -0.40264081954956055, -1.49481201171875, -0.07557760924100876, 237.0
1105561, 0.00383808184415102, -0.40018200874328613, -1.497926950454712, 0.011925515718758106, 0.01586967147886753, -0.03039824217557907, 0.0, 0.0, 0.0, 0.0, 0.0, 0.0, 0.0, 0.0028516799211502075, -0.4028196334838867, -1.4947509765625, -0.07406371086835861, 237.0
1105581, 0.003858065465465188, -0.4001615345478058, -1.4979970455169678, 0.012500736862421036, 0.01590912416577339, -0.030703173950314522, 0.0, 0.0, 0.0, 0.0, 0.0, 0.0, 0.0, 0.002369653433561325, -0.40274667739868164, -1.4945850372314453, -0.07454005628824234, 239.0
1105601, 0.0038324652705341578, -0.40021300315856934, -1.4979137182235718, 0.011919672600924969, 0.015733979642391205, -0.02999085932970047, 0.0, 0.0, 0.0, 0.0, 0.0, 0.0, 0.0, 0.0025188811123371124, -0.4027576446533203, -1.4947242736816406, -0.07511334866285324, 239.0
1105621, 0.0038480814546346664, -0.40017133951187134, -1.4979850053787231, 0.011724263429641724, 0.015864165499806404, -0.030078168958425522, 0.0, 0.0, 0.0, 0.0, 0.0, 0.0, 0.0, 0.002253405749797821, -0.40259838104248047, -1.4946651458740234, -0.07396551966667175, 239.0
1105641, 0.0038179466500878334, -0.4002191722393036, -1.497876524925232, 0.0116116376593709, 0.016078010201454163, -0.029378535225987434, 0.0, 0.0, 0.0, 0.0, 0.0, 0.0, 0.0, 0.002637334167957306, -0.4029221534729004, -1.4946250915527344, -0.07328680157661438, 239.0
1105661, 0.003797486424446106, -0.4002496898174286, -1.497790813446045, 0.011970683000981808, 0.01589406095445156, -0.02915199100971222, 0.0, 0.0, 0.0, 0.0, 0.0, 0.0, 0.0, 0.0019827745854854584, -0.40297746658325195, -1.4947395324707031, -0.07296904921531677, 239.0
1105681, 0.0037994368467479944, -0.40022218227386475, -1.4978426694869995, 0.011792624369263649, 0.016359690576791763, -0.029163504019379616, 0.0, 0.0, 0.0, 0.0, 0.0, 0.0, 0.0, 0.0017498843371868134, -0.4029245376586914, -1.4947357177734375, -0.07303134351968765, 237.0
1105701, 0.0037794257514178753, -0.4002459943294525, -1.4977502822875977, 0.011968016624450684, 0.016946470364928246, -0.028887704014778137, 0.0, 0.0, 0.0, 0.0, 0.0, 0.0, 0.0, 0.0024929046630859375, -0.40283918380737305, -1.4947128295898438, -0.0722714364528656, 237.0
1105721, 0.0038198470138013363, -0.4001861810684204, -1.4978361129760742, 0.011712496168911457, 0.01690916158258915, -0.029232563450932503, 0.0, 0.0, 0.0, 0.0, 0.0, 0.0, 0.0, 0.002391234040260315, -0.4028048515319824, -1.4946918487548828, -0.07163980603218079, 237.0
1105741, 0.003786924295127392, -0.4002138078212738, -1.4977339506149292, 0.011520628817379475, 0.017198948189616203, -0.02887771837413311, 0.0, 0.0, 0.0, 0.0, 0.0, 0.0, 0.0, 0.0020140856504440308, -0.4031038284301758, -1.4946918487548828, -0.07130590826272964, 237.0
1105761, 0.003733669873327017, -0.40023547410964966, -1.4976657629013062, 0.011168250814080238, 0.01716013066470623, -0.02852964960038662, 0.0, 0.0, 0.0, 0.0, 0.0, 0.0, 0.0, 0.0021684877574443817, -0.40300559997558594, -1.4948101043701172, -0.07257667183876038, 237.0
1105781, 0.0037600244395434856, -0.4001808166503906, -1.4977458715438843, 0.011218207888305187, 0.017341505736112595, -0.029057882726192474, 0.0, 0.0, 0.0, 0.0, 0.0, 0.0, 0.0, 0.002353161573410034, -0.4029526710510254, -1.4948196411132812, -0.07354923337697983, 237.0
1105801, 0.0037063048221170902, -0.4002057909965515, -1.4976779222488403, 0.011034104973077774, 0.017262037843465805, -0.028942851349711418, 0.0, 0.0, 0.0, 0.0, 0.0, 0.0, 0.0, 0.002106480300426483, -0.4029703140258789, -1.494699478149414, -0.07207910716533661, 237.0
1105821, 0.0037674596533179283, -0.40011775493621826, -1.497780680656433, 0.011288709938526154, 0.017337681725621223, -0.02956695668399334, 0.0, 0.0, 0.0, 0.0, 0.0, 0.0, 0.0, 0.0025784410536289215, -0.40283918380737305, -1.4948062896728516, -0.07343243807554245, 237.0
1105841, 0.0037112005520612, -0.4001775085926056, -1.4977244138717651, 0.011213414371013641, 0.01737230457365513, -0.029291339218616486, 0.0, 0.0, 0.0, 0.0, 0.0, 0.0, 0.0, 0.001986715942621231, -0.40297460556030273, -1.4948043823242188, -0.07389546930789948, 237.0
1105861, 0.003697168081998825, -0.40018194913864136, -1.4976861476898193, 0.011293336749076843, 0.017409484833478928, -0.029271095991134644, 0.0, 0.0, 0.0, 0.0, 0.0, 0.0, 0.0, 0.0023624449968338013, -0.40285491943359375, -1.4947090148925781, -0.07320786267518997, 237.0
1105881, 0.0037178685888648033, -0.40013667941093445, -1.4977823495864868, 0.011450173333287239, 0.01740630716085434, -0.029891610145568848, 0.0, 0.0, 0.0, 0.0, 0.0, 0.0, 0.0, 0.0022078491747379303, -0.4030952453613281, -1.4946918487548828, -0.07289614528417587, 239.0
1105901, 0.003714935155585408, -0.40015023946762085, -1.4977163076400757, 0.011438603512942791, 0.017482811585068703, -0.029603268951177597, 0.0, 0.0, 0.0, 0.0, 0.0, 0.0, 0.0, 0.002231348305940628, -0.4028358459472656, -1.4947376251220703, -0.07364153861999512, 239.0
1105921, 0.0037496588192880154, -0.4000871479511261, -1.4978612661361694, 0.011596946977078915, 0.017393196001648903, -0.030541544780135155, 0.0, 0.0, 0.0, 0.0, 0.0, 0.0, 0.0, 0.002159617841243744, -0.40277624130249023, -1.494741439819336, -0.07314874231815338, 239.0
1105941, 0.003702940884977579, -0.4001293480396271, -1.4978245496749878, 0.011351760476827621, 0.01684299111366272, -0.030443375930190086, 0.0, 0.0, 0.0, 0.0, 0.0, 0.0, 0.0, 0.002111472189426422, -0.4029240608215332, -1.4947490692138672, -0.07173461467027664, 239.0
1105961, 0.0037141446955502033, -0.4001579284667969, -1.497792363166809, 0.011186594143509865, 0.0163591206073761, -0.03032548539340496, 0.0, 0.0, 0.0, 0.0, 0.0, 0.0, 0.0, 0.0026228539645671844, -0.402742862701416, -1.4946403503417969, -0.07154767215251923, 239.0
1105982, 0.0037440017331391573, -0.40009963512420654, -1.4979504346847534, 0.011454572901129723, 0.016382327303290367, -0.031009431928396225, 0.0, 0.0, 0.0, 0.0, 0.0, 0.0, 0.0, 0.0022434331476688385, -0.4026670455932617, -1.4946842193603516, -0.07168182730674744, 240.0
1106001, 0.0037390561774373055, -0.40014970302581787, -1.4979013204574585, 0.011737272143363953, 0.01630626805126667, -0.030939245596528053, 0.0, 0.0, 0.0, 0.0, 0.0, 0.0, 0.0, 0.002398349344730377, -0.40289926528930664, -1.4946937561035156, -0.07119486480951309, 240.0
1106021, 0.0037990128621459007, -0.40006759762763977, -1.4980722665786743, 0.01217543426901102, 0.016689013689756393, -0.032093893736600876, 0.0, 0.0, 0.0, 0.0, 0.0, 0.0, 0.0, 0.0022437646985054016, -0.4027438163757324, -1.494699478149414, -0.0697975680232048, 240.0
1106041, 0.0038081815000623465, -0.40006956458091736, -1.498113989830017, 0.012328042648732662, 0.016791557893157005, -0.032323144376277924, 0.0, 0.0, 0.0, 0.0, 0.0, 0.0, 0.0, 0.0023062601685523987, -0.4029083251953125, -1.4947834014892578, -0.07147247344255447, 240.0
1106061, 0.0038159366231411695, -0.40006500482559204, -1.4981147050857544, 0.012564476579427719, 0.016731394454836845, -0.03217100724577904, 0.0, 0.0, 0.0, 0.0, 0.0, 0.0, 0.0, 0.002469237893819809, -0.4028611183166504, -1.494760513305664, -0.07112900912761688, 240.0
1106081, 0.003740475745871663, -0.4001910984516144, -1.4979063272476196, 0.012328756041824818, 0.016160670667886734, -0.031209390610456467, 0.0, 0.0, 0.0, 0.0, 0.0, 0.0, 0.0, 0.0023091286420822144, -0.402987003326416, -1.4947509765625, -0.06976143270730972, 239.0
1106101, 0.0038697554264217615, -0.4000735580921173, -1.4981634616851807, 0.012486353516578674, 0.01635664701461792, -0.0325196273624897, 0.0, 0.0, 0.0, 0.0, 0.0, 0.0, 0.0, 0.002053815871477127, -0.4029273986816406, -1.4947547912597656, -0.0690041333436966, 239.0
1106121, 0.0037782560102641582, -0.4001822769641876, -1.498001217842102, 0.012168322689831257, 0.016231928020715714, -0.03166113421320915, 0.0, 0.0, 0.0, 0.0, 0.0, 0.0, 0.0, 0.0017877891659736633, -0.40303945541381836, -1.4947776794433594, -0.0740843266248703, 239.0
1106141, 0.0038082979153841734, -0.400185227394104, -1.4980018138885498, 0.01238850224763155, 0.016063187271356583, -0.031500834971666336, 0.0, 0.0, 0.0, 0.0, 0.0, 0.0, 0.0, 0.0027989521622657776, -0.40258312225341797, -1.4946060180664062, -0.07188523560762405, 239.0
1106161, 0.0037537268362939358, -0.40023669600486755, -1.497899055480957, 0.011950434185564518, 0.016049064695835114, -0.030439766123890877, 0.0, 0.0, 0.0, 0.0, 0.0, 0.0, 0.0, 0.002268180251121521, -0.40293121337890625, -1.4947528839111328, -0.07141062617301941, 239.0
1106182, 0.0037989262491464615, -0.4001952111721039, -1.4979792833328247, 0.011920600198209286, 0.016221817582845688, -0.030535710975527763, 0.0, 0.0, 0.0, 0.0, 0.0, 0.0, 0.0, 0.0027116015553474426, -0.4026317596435547, -1.4946842193603516, -0.07055328041315079, 240.0
1106201, 0.0037629646249115467, -0.40024593472480774, -1.4978820085525513, 0.01179609727114439, 0.015986036509275436, -0.02977626398205757, 0.0, 0.0, 0.0, 0.0, 0.0, 0.0, 0.0, 0.002272501587867737, -0.402890682220459, -1.4946231842041016, -0.07105746865272522, 240.0
1106221, 0.0037971241399645805, -0.40019989013671875, -1.4979403018951416, 0.011694226413965225, 0.01588326506316662, -0.029835795983672142, 0.0, 0.0, 0.0, 0.0, 0.0, 0.0, 0.0, 0.002428591251373291, -0.4025607109069824, -1.4946155548095703, -0.07019196450710297, 240.0
1106241, 0.0037621227093040943, -0.4002552330493927, -1.4978442192077637, 0.011667486280202866, 0.015430813655257225, -0.029226288199424744, 0.0, 0.0, 0.0, 0.0, 0.0, 0.0, 0.0, 0.002539638429880142, -0.40265417098999023, -1.494659423828125, -0.06939048320055008, 240.0
1106261, 0.003719395725056529, -0.4003145396709442, -1.497721791267395, 0.011738847009837627, 0.015001918189227581, -0.028430862352252007, 0.0, 0.0, 0.0, 0.0, 0.0, 0.0, 0.0, 0.0019979700446128845, -0.40287113189697266, -1.4946746826171875, -0.06848505884408951, 240.0
1106281, 0.0037672684993594885, -0.40028834342956543, -1.4977834224700928, 0.012128498405218124, 0.015237751416862011, -0.028564434498548508, 0.0, 0.0, 0.0, 0.0, 0.0, 0.0, 0.0, 0.002180226147174835, -0.4029960632324219, -1.494771957397461, -0.06740229576826096, 239.0
1106301, 0.003722178051248193, -0.4003303050994873, -1.4976861476898193, 0.011691507883369923, 0.015443152748048306, -0.02806987427175045, 0.0, 0.0, 0.0, 0.0, 0.0, 0.0, 0.0, 0.001904960721731186, -0.4027242660522461, -1.4946937561035156, -0.0672820582985878, 239.0
1106321, 0.0037644794210791588, -0.4002625644207001, -1.4977444410324097, 0.012114819139242172, 0.015935245901346207, -0.028485963121056557, 0.0, 0.0, 0.0, 0.0, 0.0, 0.0, 0.0, 0.002476118505001068, -0.4024496078491211, -1.4946517944335938, -0.0675448551774025, 239.0
1106341, 0.0037536388263106346, -0.40029376745224, -1.4976693391799927, 0.01206969004124403, 0.01598113402724266, -0.028202295303344727, 0.0, 0.0, 0.0, 0.0, 0.0, 0.0, 0.0, 0.0024756938219070435, -0.4029974937438965, -1.494791030883789, -0.065526582300663, 239.0
1106361, 0.0037473412230610847, -0.40034785866737366, -1.4975903034210205, 0.012049058452248573, 0.01554790884256363, -0.028219303116202354, 0.0, 0.0, 0.0, 0.0, 0.0, 0.0, 0.0, 0.0026015490293502808, -0.4029579162597656, -1.4948596954345703, -0.06645341962575912, 239.0
1106381, 0.0037932461127638817, -0.4002941846847534, -1.4976778030395508, 0.012212625704705715, 0.01577199250459671, -0.02884065732359886, 0.0, 0.0, 0.0, 0.0, 0.0, 0.0, 0.0, 0.0024432726204395294, -0.4027528762817383, -1.4946441650390625, -0.06716080754995346, 239.0
1106401, 0.0037547224201261997, -0.4003296494483948, -1.497619867324829, 0.012122317217290401, 0.015997331589460373, -0.02871762029826641, 0.0, 0.0, 0.0, 0.0, 0.0, 0.0, 0.0, 0.00199044868350029, -0.40306568145751953, -1.4947738647460938, -0.06734412163496017, 239.0
1106421, 0.003780728206038475, -0.4002794623374939, -1.4977134466171265, 0.01211144682019949, 0.016046574339270592, -0.029232775792479515, 0.0, 0.0, 0.0, 0.0, 0.0, 0.0, 0.0, 0.0020686015486717224, -0.4029574394226074, -1.4947185516357422, -0.06734280288219452, 239.0
1106441, 0.0037706459406763315, -0.400296688079834, -1.4976805448532104, 0.011992729268968105, 0.016288956627249718, -0.029236983507871628, 0.0, 0.0, 0.0, 0.0, 0.0, 0.0, 0.0, 0.0022257156670093536, -0.402956485748291, -1.49481201171875, -0.06766020506620407, 239.0
1106461, 0.00382057367824018, -0.4002373218536377, -1.4977718591690063, 0.012193838134407997, 0.01627136394381523, -0.02955780178308487, 0.0, 0.0, 0.0, 0.0, 0.0, 0.0, 0.0, 0.002275478094816208, -0.40284156799316406, -1.4947338104248047, -0.06805580109357834, 239.0
1106481, 0.0037945369258522987, -0.4002697169780731, -1.4977426528930664, 0.012039556168019772, 0.016434188932180405, -0.029861435294151306, 0.0, 0.0, 0.0, 0.0, 0.0, 0.0, 0.0, 0.0024138689041137695, -0.4027700424194336, -1.4946537017822266, -0.06816557794809341, 237.0
1106501, 0.003770515788346529, -0.4002942740917206, -1.4976959228515625, 0.01226864941418171, 0.016253942623734474, -0.029816877096891403, 0.0, 0.0, 0.0, 0.0, 0.0, 0.0, 0.0, 0.0020689554512500763, -0.4028048515319824, -1.494659423828125, -0.0672103613615036, 237.0
1106521, 0.003805427346378565, -0.4002295136451721, -1.4978139400482178, 0.01245289295911789, 0.016449183225631714, -0.030868230387568474, 0.0, 0.0, 0.0, 0.0, 0.0, 0.0, 0.0, 0.0019685886800289154, -0.4027891159057617, -1.4946460723876953, -0.06811865419149399, 237.0
1106541, 0.003784204600378871, -0.40025097131729126, -1.4978002309799194, 0.012567422352731228, 0.01646052487194538, -0.030664775520563126, 0.0, 0.0, 0.0, 0.0, 0.0, 0.0, 0.0, 0.0025604628026485443, -0.4027099609375, -1.4947395324707031, -0.06738755851984024, 237.0
1106561, 0.003795168362557888, -0.400264710187912, -1.4977556467056274, 0.012529958970844746, 0.016490601003170013, -0.03049703687429428, 0.0, 0.0, 0.0, 0.0, 0.0, 0.0, 0.0, 0.0026750601828098297, -0.40288257598876953, -1.4948482513427734, -0.06799078732728958, 237.0
1106581, 0.0038231273647397757, -0.40022146701812744, -1.4978837966918945, 0.012727480381727219, 0.016586698591709137, -0.030943162739276886, 0.0, 0.0, 0.0, 0.0, 0.0, 0.0, 0.0, 0.002040863037109375, -0.4029855728149414, -1.4947376251220703, -0.06755251437425613, 237.0
1106601, 0.0038427591789513826, -0.40020623803138733, -1.4978837966918945, 0.01277504488825798, 0.01672593504190445, -0.030836887657642365, 0.0, 0.0, 0.0, 0.0, 0.0, 0.0, 0.0, 0.0023252181708812714, -0.40280580520629883, -1.4946956634521484, -0.06713783740997314, 237.0
1106622, 0.0038794553838670254, -0.40013962984085083, -1.4980322122573853, 0.012929962016642094, 0.01698482222855091, -0.031468041241168976, 0.0, 0.0, 0.0, 0.0, 0.0, 0.0, 0.0, 0.002025134861469269, -0.40273141860961914, -1.4947853088378906, -0.06723380833864212, 237.0
1106641, 0.003867153078317642, -0.40016505122184753, -1.4979658126831055, 0.013387063518166542, 0.01675758883357048, -0.030787920579314232, 0.0, 0.0, 0.0, 0.0, 0.0, 0.0, 0.0, 0.00208967924118042, -0.4028491973876953, -1.4946575164794922, -0.06828750669956207, 237.0
1106661, 0.0038824682123959064, -0.40015897154808044, -1.4979422092437744, 0.013598411343991756, 0.016841480508446693, -0.030561795458197594, 0.0, 0.0, 0.0, 0.0, 0.0, 0.0, 0.0, 0.002537112683057785, -0.4027595520019531, -1.4947643280029297, -0.06776232272386551, 237.0
1106681, 0.003951609134674072, -0.40009796619415283, -1.4980796575546265, 0.013641959056258202, 0.016953663900494576, -0.031192375347018242, 0.0, 0.0, 0.0, 0.0, 0.0, 0.0, 0.0, 0.002240486443042755, -0.40259456634521484, -1.4947242736816406, -0.06758009642362595, 237.0
1106701, 0.003919838462024927, -0.4001356065273285, -1.4979755878448486, 0.013260329142212868, 0.016814548522233963, -0.03042410872876644, 0.0, 0.0, 0.0, 0.0, 0.0, 0.0, 0.0, 0.0022761262953281403, -0.4027976989746094, -1.4947013854980469, -0.06711199134588242, 237.0
1106721, 0.003979508765041828, -0.4000619947910309, -1.4981091022491455, 0.013825143687427044, 0.016993947327136993, -0.030972428619861603, 0.0, 0.0, 0.0, 0.0, 0.0, 0.0, 0.0, 0.0021160580217838287, -0.4029712677001953, -1.4948081970214844, -0.06742950528860092, 237.0
1106741, 0.003995905630290508, -0.4000687003135681, -1.4980579614639282, 0.013988491147756577, 0.017073502764105797, -0.03045542538166046, 0.0, 0.0, 0.0, 0.0, 0.0, 0.0, 0.0, 0.0026554353535175323, -0.40227317810058594, -1.4945793151855469, -0.06592054665088654, 237.0
1106761, 0.003958847839385271, -0.40011340379714966, -1.4979302883148193, 0.014058953151106834, 0.017119988799095154, -0.029708828777074814, 0.0, 0.0, 0.0, 0.0, 0.0, 0.0, 0.0, 0.0025050006806850433, -0.40258026123046875, -1.4946651458740234, -0.07293754816055298, 237.0
1106781, 0.004028770141303539, -0.40006107091903687, -1.4979705810546875, 0.01412456389516592, 0.017068715766072273, -0.029725661501288414, 0.0, 0.0, 0.0, 0.0, 0.0, 0.0, 0.0, 0.00235835462808609, -0.4028644561767578, -1.4946727752685547, -0.07279901206493378, 235.0
1106801, 0.003993640188127756, -0.40011200308799744, -1.4978708028793335, 0.01392019260674715, 0.01690729334950447, -0.029325764626264572, 0.0, 0.0, 0.0, 0.0, 0.0, 0.0, 0.0, 0.002135027199983597, -0.4029273986816406, -1.4947376251220703, -0.07305049151182175, 235.0
1106821, 0.00403857696801424, -0.40006595849990845, -1.4979498386383057, 0.014208098873496056, 0.016974521800875664, -0.030010102316737175, 0.0, 0.0, 0.0, 0.0, 0.0, 0.0, 0.0, 0.0022638551890850067, -0.40268754959106445, -1.4947471618652344, -0.07293490320444107, 235.0
1106841, 0.004004364833235741, -0.4001079797744751, -1.4978675842285156, 0.013733292929828167, 0.016630301252007484, -0.02930797077715397, 0.0, 0.0, 0.0, 0.0, 0.0, 0.0, 0.0, 0.002304989844560623, -0.4024825096130371, -1.4945926666259766, -0.072344571352005, 235.0
1106861, 0.003968540579080582, -0.4001481235027313, -1.4977595806121826, 0.013481557369232178, 0.01602327637374401, -0.02878439798951149, 0.0, 0.0, 0.0, 0.0, 0.0, 0.0, 0.0, 0.00266076996922493, -0.4024062156677246, -1.4946403503417969, -0.07186934351921082, 235.0
1106881, 0.004047424532473087, -0.4001172184944153, -1.4978526830673218, 0.01396158616989851, 0.016006970778107643, -0.029666157439351082, 0.0, 0.0, 0.0, 0.0, 0.0, 0.0, 0.0, 0.0026300959289073944, -0.4031243324279785, -1.4946956634521484, -0.07258730381727219, 239.0
1106901, 0.003995894454419613, -0.40017271041870117, -1.4977694749832153, 0.013628926128149033, 0.015502842143177986, -0.029225507751107216, 0.0, 0.0, 0.0, 0.0, 0.0, 0.0, 0.0, 0.0023412220180034637, -0.40270090103149414, -1.4946670532226562, -0.07249265909194946, 239.0
1106921, 0.004041468724608421, -0.4001343548297882, -1.4978570938110352, 0.013990373350679874, 0.01583009585738182, -0.029571959748864174, 0.0, 0.0, 0.0, 0.0, 0.0, 0.0, 0.0, 0.0024989768862724304, -0.40270137786865234, -1.4947319030761719, -0.07365000247955322, 239.0
1106941, 0.00400942238047719, -0.400183767080307, -1.4977977275848389, 0.013878988102078438, 0.015767497941851616, -0.0294819213449955, 0.0, 0.0, 0.0, 0.0, 0.0, 0.0, 0.0, 0.002292584627866745, -0.40285491943359375, -1.4946613311767578, -0.07101595401763916, 239.0
1106961, 0.003976465202867985, -0.40021124482154846, -1.497714877128601, 0.013488073833286762, 0.01580384373664856, -0.02944028191268444, 0.0, 0.0, 0.0, 0.0, 0.0, 0.0, 0.0, 0.0026173144578933716, -0.4028334617614746, -1.4948539733886719, -0.07221765071153641, 239.0
1106981, 0.004020390100777149, -0.40018272399902344, -1.4978471994400024, 0.013493725098669529, 0.015813816338777542, -0.030711302533745766, 0.0, 0.0, 0.0, 0.0, 0.0, 0.0, 0.0, 0.0023569948971271515, -0.4030728340148926, -1.4948654174804688, -0.07017543166875839, 236.0
1107001, 0.003983406350016594, -0.40023669600486755, -1.4977840185165405, 0.013339510187506676, 0.015719842165708542, -0.030590539798140526, 0.0, 0.0, 0.0, 0.0, 0.0, 0.0, 0.0, 0.001799166202545166, -0.4029550552368164, -1.4947547912597656, -0.07001549750566483, 236.0
1107021, 0.00401324825361371, -0.4001951813697815, -1.4979121685028076, 0.013401429168879986, 0.01606285199522972, -0.0311077032238245, 0.0, 0.0, 0.0, 0.0, 0.0, 0.0, 0.0, 0.002024952322244644, -0.40299129486083984, -1.4946823120117188, -0.07030875980854034, 236.0
1107041, 0.003994839731603861, -0.4002188742160797, -1.497891902923584, 0.013445449993014336, 0.015842117369174957, -0.031014058738946915, 0.0, 0.0, 0.0, 0.0, 0.0, 0.0, 0.0, 0.002009376883506775, -0.40280580520629883, -1.494680404663086, -0.0687851756811142, 236.0
1107061, 0.003976576030254364, -0.40025031566619873, -1.4978410005569458, 0.013404592871665955, 0.015667501837015152, -0.030935289338231087, 0.0, 0.0, 0.0, 0.0, 0.0, 0.0, 0.0, 0.002619139850139618, -0.4026474952697754, -1.49462890625, -0.06938446313142776, 236.0
1107082, 0.0040017287246882915, -0.4002090394496918, -1.497983455657959, 0.013914008624851704, 0.015945689752697945, -0.03179261088371277, 0.0, 0.0, 0.0, 0.0, 0.0, 0.0, 0.0, 0.0023385658860206604, -0.4028487205505371, -1.4946975708007812, -0.06764966994524002, 238.0
1107101, 0.004000994376838207, -0.40021461248397827, -1.4979679584503174, 0.013850313611328602, 0.016257820650935173, -0.031520694494247437, 0.0, 0.0, 0.0, 0.0, 0.0, 0.0, 0.0, 0.0025955885648727417, -0.4028186798095703, -1.4947395324707031, -0.0683777704834938, 238.0
1107122, 0.004046102054417133, -0.40016427636146545, -1.4981061220169067, 0.01389847882091999, 0.016093049198389053, -0.03219367936253548, 0.0, 0.0, 0.0, 0.0, 0.0, 0.0, 0.0, 0.002028129994869232, -0.40290117263793945, -1.4948253631591797, -0.0664706826210022, 238.0
1107141, 0.00403184536844492, -0.40016767382621765, -1.4980868101119995, 0.013715693727135658, 0.016016127541661263, -0.031853485852479935, 0.0, 0.0, 0.0, 0.0, 0.0, 0.0, 0.0, 0.002787824720144272, -0.4025082588195801, -1.4947013854980469, -0.0648098886013031, 238.0
1107161, 0.004031172022223473, -0.40018126368522644, -1.498091697692871, 0.013691438362002373, 0.016167553141713142, -0.03187258541584015, 0.0, 0.0, 0.0, 0.0, 0.0, 0.0, 0.0, 0.002565305680036545, -0.4028739929199219, -1.49481201171875, -0.06418562680482864, 238.0
1107181, 0.0039272792637348175, -0.4002859592437744, -1.4978792667388916, 0.013289425522089005, 0.01606656238436699, -0.030844900757074356, 0.0, 0.0, 0.0, 0.0, 0.0, 0.0, 0.0, 0.002439979463815689, -0.4028506278991699, -1.4947338104248047, -0.06309816986322403, 240.0
1107201, 0.004041773732751608, -0.4001586437225342, -1.4981390237808228, 0.013664992526173592, 0.016286645084619522, -0.03213920444250107, 0.0, 0.0, 0.0, 0.0, 0.0, 0.0, 0.0, 0.0019144564867019653, -0.40296220779418945, -1.4946880340576172, -0.06370889395475388, 240.0
1107222, 0.003955961670726538, -0.4002443850040436, -1.4979724884033203, 0.01323595829308033, 0.015943292528390884, -0.031305719166994095, 0.0, 0.0, 0.0, 0.0, 0.0, 0.0, 0.0, 0.002456042915582657, -0.40247106552124023, -1.4946403503417969, -0.06324295699596405, 240.0
1107241, 0.003962996415793896, -0.40024474263191223, -1.4979579448699951, 0.013306550681591034, 0.016230907291173935, -0.031392764300107956, 0.0, 0.0, 0.0, 0.0, 0.0, 0.0, 0.0, 0.002546750009059906, -0.40276432037353516, -1.4946956634521484, -0.06451735645532608, 240.0
1107261, 0.003986452240496874, -0.400203138589859, -1.4980460405349731, 0.01369412336498499, 0.01621095836162567, -0.03163034841418266, 0.0, 0.0, 0.0, 0.0, 0.0, 0.0, 0.0, 0.002314206212759018, -0.40266847610473633, -1.494729995727539, -0.06460348516702652, 240.0
1107282, 0.003964458126574755, -0.4002339243888855, -1.4979848861694336, 0.013585311360657215, 0.016003092750906944, -0.03147837519645691, 0.0, 0.0, 0.0, 0.0, 0.0, 0.0, 0.0, 0.0023619085550308228, -0.4027552604675293, -1.4947357177734375, -0.06413047015666962, 234.0
1107301, 0.003922916948795319, -0.40027734637260437, -1.4979097843170166, 0.013274489901959896, 0.015953177586197853, -0.03064543381333351, 0.0, 0.0, 0.0, 0.0, 0.0, 0.0, 0.0, 0.0025654062628746033, -0.4029207229614258, -1.4946880340576172, -0.06324951350688934, 234.0
1107322, 0.0039865304715931416, -0.4002174139022827, -1.4979866743087769, 0.013466480188071728, 0.01633455604314804, -0.030639557167887688, 0.0, 0.0, 0.0, 0.0, 0.0, 0.0, 0.0, 0.0024305209517478943, -0.4028434753417969, -1.4947319030761719, -0.06379710137844086, 234.0
1107341, 0.003965317737311125, -0.40024101734161377, -1.4978801012039185, 0.013454919680953026, 0.016447734087705612, -0.02971070446074009, 0.0, 0.0, 0.0, 0.0, 0.0, 0.0, 0.0, 0.0018608346581459045, -0.4029421806335449, -1.4947547912597656, -0.06271842867136002, 234.0
1107361, 0.003967325668781996, -0.4002092778682709, -1.4979424476623535, 0.0137553121894598, 0.016516348347067833, -0.02938440442085266, 0.0, 0.0, 0.0, 0.0, 0.0, 0.0, 0.0, 0.001749631017446518, -0.40305662155151367, -1.4947872161865234, -0.06049497425556183, 234.0
1107381, 0.0039533525705337524, -0.40022537112236023, -1.497835397720337, 0.013704382814466953, 0.01687605492770672, -0.028827466070652008, 0.0, 0.0, 0.0, 0.0, 0.0, 0.0, 0.0, 0.0025069229304790497, -0.40281200408935547, -1.4947471618652344, -0.060623668134212494, 238.0
1107401, 0.004000044893473387, -0.40017953515052795, -1.4978810548782349, 0.0139117781072855, 0.017063064500689507, -0.028901180252432823, 0.0, 0.0, 0.0, 0.0, 0.0, 0.0, 0.0, 0.0021925680339336395, -0.4029712677001953, -1.4947662353515625, -0.0586855486035347, 238.0
1107421, 0.003958933521062136, -0.40020522475242615, -1.4977716207504272, 0.013600977137684822, 0.016896018758416176, -0.02862642891705036, 0.0, 0.0, 0.0, 0.0, 0.0, 0.0, 0.0, 0.0023410506546497345, -0.40256500244140625, -1.494598388671875, -0.0601295605301857, 238.0
1107441, 0.003947563469409943, -0.40023499727249146, -1.4976749420166016, 0.013500518165528774, 0.01643199846148491, -0.02847868576645851, 0.0, 0.0, 0.0, 0.0, 0.0, 0.0, 0.0, 0.0027101412415504456, -0.40274524688720703, -1.4946937561035156, -0.06056671217083931, 238.0
1107461, 0.0039742072112858295, -0.4001997709274292, -1.4977457523345947, 0.013835032470524311, 0.01657946966588497, -0.02894534543156624, 0.0, 0.0, 0.0, 0.0, 0.0, 0.0, 0.0, 0.0024150237441062927, -0.40294551849365234, -1.4947376251220703, -0.06053735688328743, 238.0
1107481, 0.003933905158191919, -0.4002324342727661, -1.4976811408996582, 0.013525715097784996, 0.016328517347574234, -0.02889973297715187, 0.0, 0.0, 0.0, 0.0, 0.0, 0.0, 0.0, 0.0018864795565605164, -0.40267038345336914, -1.4946670532226562, -0.06102164089679718, 241.0
1107501, 0.0039152237586677074, -0.4002615213394165, -1.4975987672805786, 0.013161974959075451, 0.016366666182875633, -0.028934547677636147, 0.0, 0.0, 0.0, 0.0, 0.0, 0.0, 0.0, 0.0023299194872379303, -0.4029083251953125, -1.4947586059570312, -0.061625704169273376, 241.0
1107521, 0.003950940445065498, -0.4002057611942291, -1.49769926071167, 0.013410050421953201, 0.016286494210362434, -0.029496820643544197, 0.0, 0.0, 0.0, 0.0, 0.0, 0.0, 0.0, 0.0024914592504501343, -0.4027585983276367, -1.4946784973144531, -0.06136142089962959, 241.0
1107541, 0.003928747493773699, -0.40024417638778687, -1.4976575374603271, 0.013360919430851936, 0.016378559172153473, -0.029891876503825188, 0.0, 0.0, 0.0, 0.0, 0.0, 0.0, 0.0, 0.0022575147449970245, -0.40294361114501953, -1.4947452545166016, -0.06164532154798508, 241.0
1107561, 0.0039633712731301785, -0.4001934230327606, -1.4977717399597168, 0.01322901714593172, 0.01661347784101963, -0.030480563640594482, 0.0, 0.0, 0.0, 0.0, 0.0, 0.0, 0.0, 0.002160351723432541, -0.4028897285461426, -1.4947071075439453, -0.06211361661553383, 241.0
1107581, 0.003937714733183384, -0.400222510099411, -1.4977489709854126, 0.012925342656672001, 0.016589146107435226, -0.03052646853029728, 0.0, 0.0, 0.0, 0.0, 0.0, 0.0, 0.0, 0.002442583441734314, -0.4028630256652832, -1.4947528839111328, -0.06206703186035156, 234.0
1107601, 0.003971117548644543, -0.40015462040901184, -1.49785315990448, 0.012969199568033218, 0.016899798065423965, -0.0308313500136137, 0.0, 0.0, 0.0, 0.0, 0.0, 0.0, 0.0, 0.0022856853902339935, -0.40303611755371094, -1.4947052001953125, -0.060481175780296326, 234.0
1107621, 0.0039424290880560875, -0.4001832902431488, -1.497818946838379, 0.012925892136991024, 0.017052847892045975, -0.030840344727039337, 0.0, 0.0, 0.0, 0.0, 0.0, 0.0, 0.0, 0.0018918924033641815, -0.40291786193847656, -1.4945793151855469, -0.06000542268157005, 234.0
1107641, 0.003902966156601906, -0.40021347999572754, -1.4977890253067017, 0.012891898863017559, 0.017181886360049248, -0.030873078852891922, 0.0, 0.0, 0.0, 0.0, 0.0, 0.0, 0.0, 0.0018751733005046844, -0.40301942825317383, -1.4947280883789062, -0.059708449989557266, 234.0
1107661, 0.003925906959921122, -0.4001418352127075, -1.4979074001312256, 0.01330508291721344, 0.017454639077186584, -0.031433507800102234, 0.0, 0.0, 0.0, 0.0, 0.0, 0.0, 0.0, 0.002358201891183853, -0.4026627540588379, -1.4946517944335938, -0.05921536311507225, 234.0
1107681, 0.0039298259653151035, -0.4001365602016449, -1.4979121685028076, 0.013529670424759388, 0.01751420646905899, -0.03147074952721596, 0.0, 0.0, 0.0, 0.0, 0.0, 0.0, 0.0, 0.0026416778564453125, -0.40283727645874023, -1.4946537017822266, -0.05979476869106293, 237.0
1107701, 0.003935743123292923, -0.4001363515853882, -1.4978926181793213, 0.013763324357569218, 0.017480256035923958, -0.031501926481723785, 0.0, 0.0, 0.0, 0.0, 0.0, 0.0, 0.0, 0.0025571249425411224, -0.4029049873352051, -1.494699478149414, -0.05825508013367653, 237.0
1107722, 0.003986932337284088, -0.4000721573829651, -1.4980076551437378, 0.014164972119033337, 0.017356133088469505, -0.031738221645355225, 0.0, 0.0, 0.0, 0.0, 0.0, 0.0, 0.0, 0.002159375697374344, -0.4029417037963867, -1.4947624206542969, -0.058683622628450394, 237.0
1107741, 0.0040016514249145985, -0.40009745955467224, -1.4980053901672363, 0.014317629858851433, 0.016908757388591766, -0.031607143580913544, 0.0, 0.0, 0.0, 0.0, 0.0, 0.0, 0.0, 0.0020634569227695465, -0.40311527252197266, -1.4946174621582031, -0.058071672916412354, 237.0
1107761, 0.004031454212963581, -0.4000566601753235, -1.4981123208999634, 0.014383296482264996, 0.01668422855436802, -0.03175601363182068, 0.0, 0.0, 0.0, 0.0, 0.0, 0.0, 0.0, 0.0021918602287769318, -0.4030036926269531, -1.4946556091308594, -0.05755263939499855, 237.0
1107781, 0.004020942375063896, -0.4001038670539856, -1.4980355501174927, 0.014516616240143776, 0.016362709924578667, -0.030990272760391235, 0.0, 0.0, 0.0, 0.0, 0.0, 0.0, 0.0, 0.002578478306531906, -0.40237951278686523, -1.4946098327636719, -0.057520441710948944, 239.0
1107801, 0.004023692570626736, -0.4001244902610779, -1.49799644947052, 0.014738669618964195, 0.01603900082409382, -0.03069760650396347, 0.0, 0.0, 0.0, 0.0, 0.0, 0.0, 0.0, 0.0023481324315071106, -0.40293312072753906, -1.494649887084961, -0.05699949339032173, 239.0
1107822, 0.004120150581002235, -0.4000583291053772, -1.4981306791305542, 0.015302826650440693, 0.016202284023165703, -0.031120361760258675, 0.0, 0.0, 0.0, 0.0, 0.0, 0.0, 0.0, 0.0025517456233501434, -0.40296506881713867, -1.4947242736816406, -0.056364186108112335, 239.0
1107841, 0.004101216327399015, -0.4000924825668335, -1.4980686902999878, 0.014764923602342606, 0.015957821160554886, -0.03078562021255493, 0.0, 0.0, 0.0, 0.0, 0.0, 0.0, 0.0, 0.002032395452260971, -0.40311193466186523, -1.4946918487548828, -0.056150566786527634, 239.0
1107861, 0.0041594007052481174, -0.400052547454834, -1.4981616735458374, 0.014937402680516243, 0.016420617699623108, -0.031311675906181335, 0.0, 0.0, 0.0, 0.0, 0.0, 0.0, 0.0, 0.0022483058273792267, -0.4028944969177246, -1.4948234558105469, -0.057252224534749985, 239.0
1107881, 0.004158775322139263, -0.4000875651836395, -1.498069405555725, 0.014736699871718884, 0.016365597024559975, -0.030555760487914085, 0.0, 0.0, 0.0, 0.0, 0.0, 0.0, 0.0, 0.002393856644630432, -0.4027061462402344, -1.4946556091308594, -0.05745137110352516, 240.0
1107901, 0.0041031865403056145, -0.4001646935939789, -1.4979511499404907, 0.014318067580461502, 0.015728147700428963, -0.029870737344026566, 0.0, 0.0, 0.0, 0.0, 0.0, 0.0, 0.0, 0.0019038990139961243, -0.4031791687011719, -1.494720458984375, -0.0596119724214077, 240.0
1107922, 0.004180914722383022, -0.40011146664619446, -1.498031497001648, 0.014306859113276005, 0.015546719543635845, -0.030308373272418976, 0.0, 0.0, 0.0, 0.0, 0.0, 0.0, 0.0, 0.00251128152012825, -0.40274620056152344, -1.4947032928466797, -0.0602644681930542, 240.0
1107941, 0.00411574449390173, -0.4001694619655609, -1.4979312419891357, 0.013917658478021622, 0.015384179539978504, -0.030111586675047874, 0.0, 0.0, 0.0, 0.0, 0.0, 0.0, 0.0, 0.0020297281444072723, -0.40253543853759766, -1.4946784973144531, -0.0574507974088192, 240.0
1107961, 0.004126119427382946, -0.40013816952705383, -1.4980114698410034, 0.013988634571433067, 0.015443914569914341, -0.03079874813556671, 0.0, 0.0, 0.0, 0.0, 0.0, 0.0, 0.0, 0.0023135989904403687, -0.4028654098510742, -1.4947166442871094, -0.05666710063815117, 240.0
1107981, 0.004094687756150961, -0.4002031981945038, -1.4979301691055298, 0.013895848765969276, 0.015113056637346745, -0.030289389193058014, 0.0, 0.0, 0.0, 0.0, 0.0, 0.0, 0.0, 0.002226967364549637, -0.40297365188598633, -1.4947357177734375, -0.05491809919476509, 239.0
1108001, 0.004153346177190542, -0.400155633687973, -1.4980074167251587, 0.014020507223904133, 0.015249586664140224, -0.030942602083086967, 0.0, 0.0, 0.0, 0.0, 0.0, 0.0, 0.0, 0.0024765431880950928, -0.40270328521728516, -1.4947261810302734, -0.055336255580186844, 239.0
1108021, 0.004088592249900103, -0.400226354598999, -1.4979314804077148, 0.01372211892157793, 0.0152211282402277, -0.03061349131166935, 0.0, 0.0, 0.0, 0.0, 0.0, 0.0, 0.0, 0.0025924071669578552, -0.40267038345336914, -1.494771957397461, -0.05530171096324921, 239.0
1108041, 0.004040548112243414, -0.4002765715122223, -1.4978245496749878, 0.01341012492775917, 0.01501087099313736, -0.030319487676024437, 0.0, 0.0, 0.0, 0.0, 0.0, 0.0, 0.0, 0.002293180674314499, -0.40267372131347656, -1.4945812225341797, -0.05478614941239357, 239.0
1108062, 0.004085306543856859, -0.4002474546432495, -1.4979370832443237, 0.013506781309843063, 0.01487058401107788, -0.03116992674767971, 0.0, 0.0, 0.0, 0.0, 0.0, 0.0, 0.0, 0.002615649253129959, -0.40269947052001953, -1.4947528839111328, -0.055532608181238174, 239.0
1108081, 0.004029607400298119, -0.40029293298721313, -1.4978669881820679, 0.013253279961645603, 0.014569156803190708, -0.03062448650598526, 0.0, 0.0, 0.0, 0.0, 0.0, 0.0, 0.0, 0.002230532467365265, -0.4025282859802246, -1.49462890625, -0.05536643788218498, 240.0
1108101, 0.003978938329964876, -0.4003329277038574, -1.4978008270263672, 0.012954811565577984, 0.014554843306541443, -0.030162792652845383, 0.0, 0.0, 0.0, 0.0, 0.0, 0.0, 0.0, 0.0020755231380462646, -0.4028153419494629, -1.4947662353515625, -0.05432221665978432, 240.0
1108122, 0.004026971757411957, -0.4002837836742401, -1.4979147911071777, 0.013027368113398552, 0.014884183183312416, -0.030921271070837975, 0.0, 0.0, 0.0, 0.0, 0.0, 0.0, 0.0, 0.0018662996590137482, -0.40286874771118164, -1.494680404663086, -0.055036287754774094, 240.0
1108141, 0.003993809223175049, -0.4003291130065918, -1.49787175655365, 0.01314938347786665, 0.014916935004293919, -0.030774494633078575, 0.0, 0.0, 0.0, 0.0, 0.0, 0.0, 0.0, 0.0023031681776046753, -0.4028763771057129, -1.4946823120117188, -0.05388626456260681, 240.0
1108161, 0.004029335919767618, -0.40027526021003723, -1.4979991912841797, 0.013120547868311405, 0.014972591772675514, -0.03134966641664505, 0.0, 0.0, 0.0, 0.0, 0.0, 0.0, 0.0, 0.002484116703271866, -0.40267324447631836, -1.4947242736816406, -0.054031651467084885, 240.0
1108181, 0.003958858083933592, -0.4003087878227234, -1.4979634284973145, 0.012767665088176727, 0.015048228204250336, -0.031084423884749413, 0.0, 0.0, 0.0, 0.0, 0.0, 0.0, 0.0, 0.002141762524843216, -0.4026327133178711, -1.494619369506836, -0.05362002179026604, 237.0
1108201, 0.004004504531621933, -0.4002705216407776, -1.4980757236480713, 0.013259021565318108, 0.014984838664531708, -0.03172475844621658, 0.0, 0.0, 0.0, 0.0, 0.0, 0.0, 0.0, 0.002709951251745224, -0.40285444259643555, -1.494729995727539, -0.0524640753865242, 237.0
1108222, 0.003993492107838392, -0.4002985954284668, -1.4980378150939941, 0.013280076906085014, 0.014433860778808594, -0.03156965598464012, 0.0, 0.0, 0.0, 0.0, 0.0, 0.0, 0.0, 0.002690982073545456, -0.4023928642272949, -1.4946155548095703, -0.053663771599531174, 237.0
1108241, 0.003929451573640108, -0.4003615081310272, -1.4979630708694458, 0.013076337054371834, 0.01413239911198616, -0.03142765909433365, 0.0, 0.0, 0.0, 0.0, 0.0, 0.0, 0.0, 0.002414107322692871, -0.4026155471801758, -1.4945850372314453, -0.05344713479280472, 237.0
1108261, 0.004019728861749172, -0.4002968370914459, -1.4980905055999756, 0.013674831949174404, 0.014222191646695137, -0.031835395842790604, 0.0, 0.0, 0.0, 0.0, 0.0, 0.0, 0.0, 0.0023510679602622986, -0.4025917053222656, -1.4946212768554688, -0.05160639062523842, 237.0
1108281, 0.004006836097687483, -0.40032824873924255, -1.498091220855713, 0.013573942705988884, 0.014149986207485199, -0.03196515887975693, 0.0, 0.0, 0.0, 0.0, 0.0, 0.0, 0.0, 0.002085041254758835, -0.4028501510620117, -1.4946460723876953, -0.05353452265262604, 238.0
1108301, 0.003936180844902992, -0.4004078209400177, -1.4979345798492432, 0.013568589463829994, 0.014029672369360924, -0.031169656664133072, 0.0, 0.0, 0.0, 0.0, 0.0, 0.0, 0.0, 0.002478424459695816, -0.40259742736816406, -1.4946708679199219, -0.05144220218062401, 238.0
1108322, 0.004048977512866259, -0.40032076835632324, -1.4981811046600342, 0.01433354988694191, 0.014370208606123924, -0.0322527140378952, 0.0, 0.0, 0.0, 0.0, 0.0, 0.0, 0.0, 0.0019289813935756683, -0.4028768539428711, -1.494771957397461, -0.051336489617824554, 238.0
1108341, 0.004020235035568476, -0.400363028049469, -1.4981318712234497, 0.014075690880417824, 0.01436056662350893, -0.03188861533999443, 0.0, 0.0, 0.0, 0.0, 0.0, 0.0, 0.0, 0.002301272004842758, -0.40290355682373047, -1.4947624206542969, -0.051034796983003616, 238.0
1108361, 0.003949541598558426, -0.40045595169067383, -1.497917890548706, 0.01374945230782032, 0.014070634730160236, -0.03081377223134041, 0.0, 0.0, 0.0, 0.0, 0.0, 0.0, 0.0, 0.002380732446908951, -0.4028458595275879, -1.4946537017822266, -0.05150045454502106, 238.0
1108381, 0.004057712387293577, -0.4003523588180542, -1.498166561126709, 0.013898028060793877, 0.014284270815551281, -0.031940072774887085, 0.0, 0.0, 0.0, 0.0, 0.0, 0.0, 0.0, 0.0023810453712940216, -0.40292882919311523, -1.4946632385253906, -0.05319010093808174, 233.0
1108401, 0.003966011106967926, -0.400444895029068, -1.497952938079834, 0.013804813846945763, 0.014071712270379066, -0.031074106693267822, 0.0, 0.0, 0.0, 0.0, 0.0, 0.0, 0.0, 0.0024033449590206146, -0.4028358459472656, -1.494659423828125, -0.05307713523507118, 233.0
1108421, 0.0039693801663815975, -0.4004581570625305, -1.4979147911071777, 0.013991741463541985, 0.014055183157324791, -0.030855482444167137, 0.0, 0.0, 0.0, 0.0, 0.0, 0.0, 0.0, 0.002417478710412979, -0.40285825729370117, -1.4947319030761719, -0.052584145218133926, 233.0
1108441, 0.003961099777370691, -0.4004819393157959, -1.4978505373001099, 0.014096224680542946, 0.013853289186954498, -0.030188435688614845, 0.0, 0.0, 0.0, 0.0, 0.0, 0.0, 0.0, 0.0020300820469856262, -0.4030032157897949, -1.4947490692138672, -0.053450807929039, 233.0
1108461, 0.0040235803462564945, -0.40043821930885315, -1.4979395866394043, 0.014338919892907143, 0.014020777307450771, -0.030582068488001823, 0.0, 0.0, 0.0, 0.0, 0.0, 0.0, 0.0, 0.0026904456317424774, -0.40290164947509766, -1.4947490692138672, -0.051666442304849625, 233.0
1108481, 0.003983824048191309, -0.40047577023506165, -1.49785315990448, 0.014115700498223305, 0.01391551923006773, -0.030329115688800812, 0.0, 0.0, 0.0, 0.0, 0.0, 0.0, 0.0, 0.0017707683145999908, -0.4028310775756836, -1.4946765899658203, -0.051949579268693924, 242.0
1108501, 0.0040542567148804665, -0.4004398584365845, -1.4979329109191895, 0.014407037757337093, 0.014070792123675346, -0.030798768624663353, 0.0, 0.0, 0.0, 0.0, 0.0, 0.0, 0.0, 0.0027063675224781036, -0.4029712677001953, -1.4948139190673828, -0.05121869966387749, 242.0
1108521, 0.004035402089357376, -0.40046706795692444, -1.4978599548339844, 0.01413885597139597, 0.013793435879051685, -0.030351702123880386, 0.0, 0.0, 0.0, 0.0, 0.0, 0.0, 0.0, 0.002460286021232605, -0.40274906158447266, -1.4946823120117188, -0.05150970444083214, 242.0
1108541, 0.003953407984226942, -0.4005199372768402, -1.4977588653564453, 0.013895245268940926, 0.013694999739527702, -0.02968900091946125, 0.0, 0.0, 0.0, 0.0, 0.0, 0.0, 0.0, 0.002105880528688431, -0.40287351608276367, -1.4947566986083984, -0.051171015948057175, 242.0
1108561, 0.004031270742416382, -0.4004751741886139, -1.497844934463501, 0.014307691715657711, 0.013682439923286438, -0.030047519132494926, 0.0, 0.0, 0.0, 0.0, 0.0, 0.0, 0.0, 0.002387799322605133, -0.4028153419494629, -1.4946937561035156, -0.04983584210276604, 242.0
1108581, 0.003992221783846617, -0.40053191781044006, -1.4977617263793945, 0.013941982761025429, 0.01348274014890194, -0.029751252382993698, 0.0, 0.0, 0.0, 0.0, 0.0, 0.0, 0.0, 0.0022017918527126312, -0.4028754234313965, -1.4946098327636719, -0.050017304718494415, 232.0
1108601, 0.004033566918224096, -0.40048524737358093, -1.4978349208831787, 0.014223058708012104, 0.013452284038066864, -0.030065936967730522, 0.0, 0.0, 0.0, 0.0, 0.0, 0.0, 0.0, 0.002276647835969925, -0.40288734436035156, -1.4947528839111328, -0.0486159510910511, 232.0
1108621, 0.004013941623270512, -0.4005274176597595, -1.4977755546569824, 0.013949323445558548, 0.013107210397720337, -0.029830388724803925, 0.0, 0.0, 0.0, 0.0, 0.0, 0.0, 0.0, 0.002459544688463211, -0.40280914306640625, -1.4947834014892578, -0.04876144602894783, 232.0
1108641, 0.00397713016718626, -0.4005737900733948, -1.4976928234100342, 0.013507994823157787, 0.013226306065917015, -0.02950478158891201, 0.0, 0.0, 0.0, 0.0, 0.0, 0.0, 0.0, 0.0023608244955539703, -0.403045654296875, -1.4947032928466797, -0.04750840738415718, 232.0
1108661, 0.004007494542747736, -0.4005485773086548, -1.4977937936782837, 0.013599937781691551, 0.013304006308317184, -0.029602020978927612, 0.0, 0.0, 0.0, 0.0, 0.0, 0.0, 0.0, 0.00197611004114151, -0.4031052589416504, -1.4946727752685547, -0.04799048230051994, 232.0
1108681, 0.0039660269394516945, -0.40057820081710815, -1.4977205991744995, 0.013266406022012234, 0.013441327027976513, -0.02925892360508442, 0.0, 0.0, 0.0, 0.0, 0.0, 0.0, 0.0, 0.002425599843263626, -0.4025998115539551, -1.4946632385253906, -0.04780808463692665, 240.0
1108701, 0.004006432369351387, -0.4005448520183563, -1.4978148937225342, 0.01317919883877039, 0.013432890176773071, -0.029850028455257416, 0.0, 0.0, 0.0, 0.0, 0.0, 0.0, 0.0, 0.002287406474351883, -0.40301942825317383, -1.4946479797363281, -0.048178914934396744, 240.0
1108721, 0.003978246357291937, -0.40055879950523376, -1.4977612495422363, 0.01342413667589426, 0.013485045172274113, -0.029676908627152443, 0.0, 0.0, 0.0, 0.0, 0.0, 0.0, 0.0, 0.002268001437187195, -0.4028940200805664, -1.4946575164794922, -0.04790307208895683, 240.0
1108741, 0.003938623704016209, -0.4005952775478363, -1.4976921081542969, 0.013274455443024635, 0.013473594561219215, -0.02930273860692978, 0.0, 0.0, 0.0, 0.0, 0.0, 0.0, 0.0, 0.0022599436342716217, -0.40296363830566406, -1.4947223663330078, -0.04699822515249252, 240.0
1108762, 0.004004386719316244, -0.4005391001701355, -1.497799038887024, 0.01358295138925314, 0.013418176211416721, -0.029670022428035736, 0.0, 0.0, 0.0, 0.0, 0.0, 0.0, 0.0, 0.0026000142097473145, -0.40253305435180664, -1.4947452545166016, -0.046314019709825516, 240.0
1108781, 0.003973969258368015, -0.40056318044662476, -1.4977370500564575, 0.013337461277842522, 0.013377048075199127, -0.02943318337202072, 0.0, 0.0, 0.0, 0.0, 0.0, 0.0, 0.0, 0.001790948212146759, -0.4028186798095703, -1.4946403503417969, -0.046955328434705734, 239.0
1108801, 0.0039947256445884705, -0.4005247950553894, -1.4978408813476562, 0.0132466871291399, 0.013678855262696743, -0.03025123104453087, 0.0, 0.0, 0.0, 0.0, 0.0, 0.0, 0.0, 0.0019162222743034363, -0.40294742584228516, -1.4947834014892578, -0.04743329808115959, 239.0
1108821, 0.003974260296672583, -0.40053191781044006, -1.4978080987930298, 0.013388114981353283, 0.013915959745645523, -0.03018825501203537, 0.0, 0.0, 0.0, 0.0, 0.0, 0.0, 0.0, 0.0026019737124443054, -0.40268468856811523, -1.494680404663086, -0.0470644012093544, 239.0
1108841, 0.003942302893847227, -0.4005734622478485, -1.497753620147705, 0.013386039063334465, 0.014163573272526264, -0.029872611165046692, 0.0, 0.0, 0.0, 0.0, 0.0, 0.0, 0.0, 0.002262253314256668, -0.40305423736572266, -1.4948444366455078, -0.046444881707429886, 239.0
1108862, 0.003984037321060896, -0.4005048871040344, -1.4978631734848022, 0.013245481997728348, 0.01424723956733942, -0.030462365597486496, 0.0, 0.0, 0.0, 0.0, 0.0, 0.0, 0.0, 0.0024889707565307617, -0.40250062942504883, -1.49456787109375, -0.04572538286447525, 239.0
1108881, 0.003991583827883005, -0.40047207474708557, -1.4978833198547363, 0.013366768136620522, 0.014096810482442379, -0.030441798269748688, 0.0, 0.0, 0.0, 0.0, 0.0, 0.0, 0.0, 0.0020540282130241394, -0.40288829803466797, -1.4947433471679688, -0.044822774827480316, 241.0
1108901, 0.0040059820748865604, -0.4004293382167816, -1.497975468635559, 0.013268446549773216, 0.014502286911010742, -0.030897662043571472, 0.0, 0.0, 0.0, 0.0, 0.0, 0.0, 0.0, 0.0023174025118350983, -0.40285158157348633, -1.4948654174804688, -0.04476224258542061, 241.0
1108921, 0.003971264231950045, -0.400464802980423, -1.4979205131530762, 0.01309509389102459, 0.014418695122003555, -0.03058234229683876, 0.0, 0.0, 0.0, 0.0, 0.0, 0.0, 0.0, 0.0025661401450634003, -0.4027743339538574, -1.4946861267089844, -0.04362954944372177, 241.0
1108941, 0.003913127351552248, -0.4004962742328644, -1.497856616973877, 0.012852388434112072, 0.014152728021144867, -0.030183224007487297, 0.0, 0.0, 0.0, 0.0, 0.0, 0.0, 0.0, 0.0024626851081848145, -0.4025998115539551, -1.4946098327636719, -0.04396221041679382, 241.0
1108962, 0.003977907355874777, -0.4004286527633667, -1.4979472160339355, 0.013167995028197765, 0.014329172670841217, -0.03094993531703949, 0.0, 0.0, 0.0, 0.0, 0.0, 0.0, 0.0, 0.0027857497334480286, -0.4024214744567871, -1.4946098327636719, -0.044219713658094406, 241.0
1108981, 0.003940025344491005, -0.40045326948165894, -1.497897744178772, 0.013377806171774864, 0.014103224501013756, -0.03062496893107891, 0.0, 0.0, 0.0, 0.0, 0.0, 0.0, 0.0, 0.0021244511008262634, -0.40282392501831055, -1.4947090148925781, -0.043802790343761444, 236.0
1109001, 0.0038948783185333014, -0.4004792869091034, -1.497867226600647, 0.013250481337308884, 0.013946803286671638, -0.02997312881052494, 0.0, 0.0, 0.0, 0.0, 0.0, 0.0, 0.0, 0.0020469240844249725, -0.4028911590576172, -1.4947700500488281, -0.042269524186849594, 236.0
1109021, 0.003963031806051731, -0.40043795108795166, -1.4979357719421387, 0.013551793061196804, 0.013863294385373592, -0.02981477417051792, 0.0, 0.0, 0.0, 0.0, 0.0, 0.0, 0.0, 0.0023851394653320312, -0.4029731750488281, -1.494638442993164, -0.04315159469842911, 236.0
1109041, 0.0039264182560145855, -0.4004766047000885, -1.4978559017181396, 0.013645012862980366, 0.0137307895347476, -0.029352057725191116, 0.0, 0.0, 0.0, 0.0, 0.0, 0.0, 0.0, 0.0022029168903827667, -0.40308475494384766, -1.4947853088378906, -0.04274505749344826, 236.0
1109062, 0.003996440675109625, -0.40041571855545044, -1.4979296922683716, 0.013905244879424572, 0.013881121762096882, -0.02945876680314541, 0.0, 0.0, 0.0, 0.0, 0.0, 0.0, 0.0, 0.002462431788444519, -0.4025583267211914, -1.4946918487548828, -0.04169363155961037, 236.0
1109081, 0.003932695835828781, -0.4004683494567871, -1.49782395362854, 0.013464950025081635, 0.01362172607332468, -0.02889849990606308, 0.0, 0.0, 0.0, 0.0, 0.0, 0.0, 0.0, 0.0015528984367847443, -0.4030318260192871, -1.4946937561035156, -0.04240955784916878, 237.0
1109101, 0.003983004949986935, -0.40043899416923523, -1.497890591621399, 0.013843015767633915, 0.013701043091714382, -0.029192516580224037, 0.0, 0.0, 0.0, 0.0, 0.0, 0.0, 0.0, 0.0026352107524871826, -0.4028286933898926, -1.494781494140625, -0.043496452271938324, 237.0
1109121, 0.003972963895648718, -0.40047192573547363, -1.497779130935669, 0.013828020542860031, 0.013674996793270111, -0.02863289788365364, 0.0, 0.0, 0.0, 0.0, 0.0, 0.0, 0.0, 0.002768140286207199, -0.4027061462402344, -1.4947834014892578, -0.04330822452902794, 237.0
1109141, 0.003920665010809898, -0.4005177617073059, -1.4976974725723267, 0.013362487778067589, 0.013249346055090427, -0.02838686667382717, 0.0, 0.0, 0.0, 0.0, 0.0, 0.0, 0.0, 0.0017198026180267334, -0.4029812812805176, -1.4946479797363281, -0.04149266704916954, 237.0
1109161, 0.003985705319792032, -0.4004862308502197, -1.497753620147705, 0.01388266310095787, 0.013297422789037228, -0.02843041904270649, 0.0, 0.0, 0.0, 0.0, 0.0, 0.0, 0.0, 0.002364102751016617, -0.40282106399536133, -1.4946937561035156, -0.04208797216415405, 237.0
1109181, 0.003970668651163578, -0.4005149304866791, -1.4976732730865479, 0.01394910179078579, 0.01337208691984415, -0.02840285189449787, 0.0, 0.0, 0.0, 0.0, 0.0, 0.0, 0.0, 0.0018067508935928345, -0.40283632278442383, -1.494741439819336, -0.04097134992480278, 237.0
1109201, 0.004026475828140974, -0.40047088265419006, -1.4977600574493408, 0.014462145045399666, 0.013561848551034927, -0.02937658317387104, 0.0, 0.0, 0.0, 0.0, 0.0, 0.0, 0.0, 0.002040039747953415, -0.4032406806945801, -1.4946670532226562, -0.045977625995874405, 237.0
1109221, 0.003995567560195923, -0.40053248405456543, -1.497694969177246, 0.014338932000100613, 0.013362303376197815, -0.029265224933624268, 0.0, 0.0, 0.0, 0.0, 0.0, 0.0, 0.0, 0.0023609064519405365, -0.4030470848083496, -1.4947338104248047, -0.04384388029575348, 237.0
1109241, 0.003990987781435251, -0.4005475640296936, -1.4976431131362915, 0.014258528128266335, 0.013482361100614071, -0.02885928563773632, 0.0, 0.0, 0.0, 0.0, 0.0, 0.0, 0.0, 0.0023169852793216705, -0.40284299850463867, -1.4947261810302734, -0.049185872077941895, 237.0
1109261, 0.004025794565677643, -0.4005226492881775, -1.4977326393127441, 0.014623857103288174, 0.013323446735739708, -0.029071010649204254, 0.0, 0.0, 0.0, 0.0, 0.0, 0.0, 0.0, 0.0020242631435394287, -0.4027571678161621, -1.4945487976074219, -0.0485401451587677, 237.0
1109281, 0.003995514940470457, -0.4005529284477234, -1.497680425643921, 0.014246459119021893, 0.013043440878391266, -0.029340209439396858, 0.0, 0.0, 0.0, 0.0, 0.0, 0.0, 0.0, 0.0021929144859313965, -0.4029426574707031, -1.4947185516357422, -0.04796108230948448, 237.0
1109301, 0.0040343040600419044, -0.40052321553230286, -1.4977943897247314, 0.014244302175939083, 0.0132564352825284, -0.03023228980600834, 0.0, 0.0, 0.0, 0.0, 0.0, 0.0, 0.0, 0.002466648817062378, -0.4028139114379883, -1.4946403503417969, -0.04530845582485199, 237.0
1109321, 0.004004355054348707, -0.4005510210990906, -1.4977545738220215, 0.013986894860863686, 0.013121630065143108, -0.03009219653904438, 0.0, 0.0, 0.0, 0.0, 0.0, 0.0, 0.0, 0.0022592954337596893, -0.4028816223144531, -1.4947185516357422, -0.04577670618891716, 237.0
1109341, 0.004076066892594099, -0.40049758553504944, -1.4978792667388916, 0.014481249265372753, 0.013319549150764942, -0.030773505568504333, 0.0, 0.0, 0.0, 0.0, 0.0, 0.0, 0.0, 0.0029060952365398407, -0.4026522636413574, -1.4945602416992188, -0.04569109529256821, 237.0
1109361, 0.004035345744341612, -0.40054282546043396, -1.4978288412094116, 0.014381688088178635, 0.012998392805457115, -0.030791394412517548, 0.0, 0.0, 0.0, 0.0, 0.0, 0.0, 0.0, 0.0023296773433685303, -0.40286731719970703, -1.4948101043701172, -0.04528992623090744, 237.0
1109381, 0.004010492004454136, -0.4005733132362366, -1.497802972793579, 0.014005444012582302, 0.013301067985594273, -0.03048347309231758, 0.0, 0.0, 0.0, 0.0, 0.0, 0.0, 0.0, 0.0023666545748710632, -0.4030885696411133, -1.4947185516357422, -0.044297944754362106, 237.0
1109401, 0.004079867620021105, -0.40051841735839844, -1.4979419708251953, 0.014346703886985779, 0.013717521913349628, -0.03134984150528908, 0.0, 0.0, 0.0, 0.0, 0.0, 0.0, 0.0, 0.0025757774710655212, -0.4028348922729492, -1.4947185516357422, -0.04321402683854103, 237.0
1109421, 0.0040159705094993114, -0.40054139494895935, -1.4978842735290527, 0.013901698403060436, 0.013932960107922554, -0.031209895387291908, 0.0, 0.0, 0.0, 0.0, 0.0, 0.0, 0.0, 0.002570565789937973, -0.4028768539428711, -1.494741439819336, -0.043024688959121704, 237.0
1109441, 0.00401106383651495, -0.40053877234458923, -1.4978523254394531, 0.013983509503304958, 0.013928860425949097, -0.03110641986131668, 0.0, 0.0, 0.0, 0.0, 0.0, 0.0, 0.0, 0.0025526583194732666, -0.4027891159057617, -1.4948711395263672, -0.04337025061249733, 237.0
1109462, 0.004063550848513842, -0.40048980712890625, -1.4979654550552368, 0.014214987866580486, 0.014074473641812801, -0.03171265497803688, 0.0, 0.0, 0.0, 0.0, 0.0, 0.0, 0.0, 0.0023263804614543915, -0.4027719497680664, -1.4948158264160156, -0.04274182394146919, 237.0
1109481, 0.004021696280688047, -0.4005297124385834, -1.4979289770126343, 0.013758168555796146, 0.014304458163678646, -0.03164488077163696, 0.0, 0.0, 0.0, 0.0, 0.0, 0.0, 0.0, 0.002122681587934494, -0.40306901931762695, -1.4947490692138672, -0.04134909436106682, 238.0
1109501, 0.004091633018106222, -0.4004400372505188, -1.4981077909469604, 0.014126443304121494, 0.014729568734765053, -0.03235192969441414, 0.0, 0.0, 0.0, 0.0, 0.0, 0.0, 0.0, 0.002732604742050171, -0.4028944969177246, -1.4947319030761719, -0.04035702720284462, 238.0
1109521, 0.004080357030034065, -0.4004105031490326, -1.498138189315796, 0.013858899474143982, 0.014562388882040977, -0.032435957342386246, 0.0, 0.0, 0.0, 0.0, 0.0, 0.0, 0.0, 0.002218887209892273, -0.4029088020324707, -1.49468994140625, -0.0399477444589138, 238.0
1109541, 0.004053092561662197, -0.400438129901886, -1.4980592727661133, 0.013753077946603298, 0.014222240075469017, -0.03196871653199196, 0.0, 0.0, 0.0, 0.0, 0.0, 0.0, 0.0, 0.002071332186460495, -0.4028744697570801, -1.4947242736816406, -0.041121043264865875, 238.0
1109562, 0.004104116931557655, -0.40039676427841187, -1.498172402381897, 0.01401375513523817, 0.014034369960427284, -0.031971514225006104, 0.0, 0.0, 0.0, 0.0, 0.0, 0.0, 0.0, 0.00215756893157959, -0.40285539627075195, -1.4947757720947266, -0.04103507846593857, 238.0
1109581, 0.004092985764145851, -0.4004066288471222, -1.4981344938278198, 0.013991428539156914, 0.014027053490281105, -0.031580500304698944, 0.0, 0.0, 0.0, 0.0, 0.0, 0.0, 0.0, 0.0019006207585334778, -0.40297365188598633, -1.4946441650390625, -0.04077322781085968, 237.0
1109601, 0.004069148562848568, -0.4004180133342743, -1.4981361627578735, 0.014179808087646961, 0.013803570531308651, -0.031618282198905945, 0.0, 0.0, 0.0, 0.0, 0.0, 0.0, 0.0, 0.0023112930357456207, -0.40255069732666016, -1.4945812225341797, -0.04058761149644852, 237.0
1109621, 0.004133644979447126, -0.4003647267818451, -1.4982073307037354, 0.014532855711877346, 0.013881606981158257, -0.031984567642211914, 0.0, 0.0, 0.0, 0.0, 0.0, 0.0, 0.0, 0.002224233001470566, -0.4029088020324707, -1.4947986602783203, -0.04031269997358322, 237.0
1109641, 0.004078852478414774, -0.4004313051700592, -1.4981166124343872, 0.014451988972723484, 0.01355296466499567, -0.03133321925997734, 0.0, 0.0, 0.0, 0.0, 0.0, 0.0, 0.0, 0.002119876444339752, -0.40306806564331055, -1.4948539733886719, -0.03947184979915619, 237.0
1109662, 0.004161964636296034, -0.4003756642341614, -1.498202919960022, 0.015020494349300861, 0.014002682641148567, -0.03189431130886078, 0.0, 0.0, 0.0, 0.0, 0.0, 0.0, 0.0, 0.0023825280368328094, -0.4027695655822754, -1.4947490692138672, -0.03897994011640549, 237.0
1109681, 0.003974663559347391, -0.40056878328323364, -1.497791051864624, 0.014346281066536903, 0.013430673629045486, -0.029678376391530037, 0.0, 0.0, 0.0, 0.0, 0.0, 0.0, 0.0, 0.0026987306773662567, -0.4026370048522949, -1.4947319030761719, -0.038232360035181046, 239.0
1109701, 0.004035215824842453, -0.4005056917667389, -1.497859239578247, 0.014363816007971764, 0.01354993786662817, -0.03007199987769127, 0.0, 0.0, 0.0, 0.0, 0.0, 0.0, 0.0, 0.002374846488237381, -0.4024925231933594, -1.4946422576904297, -0.03715192899107933, 239.0
1109721, 0.004033851437270641, -0.4005465805530548, -1.4977723360061646, 0.014168014749884605, 0.013775944709777832, -0.029900843277573586, 0.0, 0.0, 0.0, 0.0, 0.0, 0.0, 0.0, 0.002384401857852936, -0.402984619140625, -1.4947319030761719, -0.03664817661046982, 239.0
1109741, 0.003983994014561176, -0.40058037638664246, -1.4976916313171387, 0.01390319038182497, 0.014045322313904762, -0.029289385303854942, 0.0, 0.0, 0.0, 0.0, 0.0, 0.0, 0.0, 0.002208646386861801, -0.40280961990356445, -1.4947433471679688, -0.03555167466402054, 239.0
1109761, 0.0040485733188688755, -0.4005197584629059, -1.4977855682373047, 0.014175325632095337, 0.014289981685578823, -0.029595263302326202, 0.0, 0.0, 0.0, 0.0, 0.0, 0.0, 0.0, 0.0027704499661922455, -0.4025716781616211, -1.4946155548095703, -0.03580057621002197, 239.0
1109781, 0.003988598473370075, -0.4005568027496338, -1.4976965188980103, 0.013716302812099457, 0.014130042865872383, -0.029194781556725502, 0.0, 0.0, 0.0, 0.0, 0.0, 0.0, 0.0, 0.002131067216396332, -0.40313148498535156, -1.4946136474609375, -0.0353039912879467, 239.0
1109801, 0.004012528341263533, -0.4004903733730316, -1.497782826423645, 0.013798906467854977, 0.014684794470667839, -0.029886392876505852, 0.0, 0.0, 0.0, 0.0, 0.0, 0.0, 0.0, 0.0020425058901309967, -0.40290260314941406, -1.494699478149414, -0.03353377431631088, 239.0
1109821, 0.0039840699173510075, -0.40052831172943115, -1.4977058172225952, 0.01387873012572527, 0.014562387019395828, -0.029788561165332794, 0.0, 0.0, 0.0, 0.0, 0.0, 0.0, 0.0, 0.002419453114271164, -0.40297412872314453, -1.4947242736816406, -0.03452226147055626, 239.0
1109841, 0.003955839667469263, -0.4005303978919983, -1.4976472854614258, 0.013696691952645779, 0.014301976189017296, -0.029368331655859947, 0.0, 0.0, 0.0, 0.0, 0.0, 0.0, 0.0, 0.0023033320903778076, -0.4026656150817871, -1.4945716857910156, -0.03409901261329651, 239.0
1109862, 0.004002571105957031, -0.4004966914653778, -1.497743844985962, 0.01392329204827547, 0.014494053088128567, -0.029596438631415367, 0.0, 0.0, 0.0, 0.0, 0.0, 0.0, 0.0, 0.0024571940302848816, -0.40306711196899414, -1.494741439819336, -0.032643239945173264, 239.0
1109881, 0.003960903268307447, -0.4005259871482849, -1.4976845979690552, 0.01428550761193037, 0.014247912913560867, -0.02966425009071827, 0.0, 0.0, 0.0, 0.0, 0.0, 0.0, 0.0, 0.0018849484622478485, -0.40302133560180664, -1.4948616027832031, -0.031282830983400345, 243.0
1109901, 0.0040235863998532295, -0.4004727005958557, -1.4978013038635254, 0.014948789961636066, 0.014513317495584488, -0.030416905879974365, 0.0, 0.0, 0.0, 0.0, 0.0, 0.0, 0.0, 0.0021983981132507324, -0.40285539627075195, -1.4947032928466797, -0.030419345945119858, 243.0
1109921, 0.004013024270534515, -0.40049082040786743, -1.497762680053711, 0.015098200179636478, 0.014341319911181927, -0.030236024409532547, 0.0, 0.0, 0.0, 0.0, 0.0, 0.0, 0.0, 0.002479422837495804, -0.4028806686401367, -1.4947586059570312, -0.030552294105291367, 243.0
1109941, 0.004031679593026638, -0.4005003869533539, -1.4977182149887085, 0.01526257861405611, 0.014349748380482197, -0.030545666813850403, 0.0, 0.0, 0.0, 0.0, 0.0, 0.0, 0.0, 0.002236049622297287, -0.4027829170227051, -1.4947147369384766, -0.03762640431523323, 243.0
1109962, 0.004081584047526121, -0.40044721961021423, -1.4978605508804321, 0.015139855444431305, 0.014345506206154823, -0.03146448731422424, 0.0, 0.0, 0.0, 0.0, 0.0, 0.0, 0.0, 0.0024770572781562805, -0.40283775329589844, -1.4946517944335938, -0.036872219294309616, 243.0
1109981, 0.0040528541430830956, -0.40049028396606445, -1.497812032699585, 0.014776003547012806, 0.014210725203156471, -0.0307804886251688, 0.0, 0.0, 0.0, 0.0, 0.0, 0.0, 0.0, 0.0024176202714443207, -0.4027061462402344, -1.4946784973144531, -0.036517370492219925, 238.0
1110001, 0.004124461207538843, -0.40041494369506836, -1.4979323148727417, 0.015127292834222317, 0.014394298195838928, -0.03128310292959213, 0.0, 0.0, 0.0, 0.0, 0.0, 0.0, 0.0, 0.0021688267588615417, -0.4023604393005371, -1.4946022033691406, -0.04245883971452713, 238.0
1110021, 0.004128641914576292, -0.400413453578949, -1.4979537725448608, 0.014766537584364414, 0.01452175434678793, -0.031152354553341866, 0.0, 0.0, 0.0, 0.0, 0.0, 0.0, 0.0, 0.00226428359746933, -0.4030766487121582, -1.4947566986083984, -0.04266554117202759, 238.0
1110041, 0.00409367959946394, -0.4004635810852051, -1.4978752136230469, 0.014454269781708717, 0.014275058172643185, -0.03083037957549095, 0.0, 0.0, 0.0, 0.0, 0.0, 0.0, 0.0, 0.0025526098906993866, -0.40257692337036133, -1.4946956634521484, -0.04159984365105629, 238.0
1110062, 0.004131559282541275, -0.4004216492176056, -1.4979887008666992, 0.014818591065704823, 0.014186116866767406, -0.031365182250738144, 0.0, 0.0, 0.0, 0.0, 0.0, 0.0, 0.0, 0.0021761730313301086, -0.40306711196899414, -1.4946746826171875, -0.04080161452293396, 238.0
1110081, 0.004094178322702646, -0.4004460871219635, -1.4979132413864136, 0.014512429013848305, 0.014363081194460392, -0.030661508440971375, 0.0, 0.0, 0.0, 0.0, 0.0, 0.0, 0.0, 0.002606019377708435, -0.4027266502380371, -1.494619369506836, -0.04149746894836426, 237.0
1110102, 0.0041227578185498714, -0.40040796995162964, -1.4980062246322632, 0.014086534269154072, 0.01453099213540554, -0.03091823309659958, 0.0, 0.0, 0.0, 0.0, 0.0, 0.0, 0.0, 0.002489473670721054, -0.40282726287841797, -1.4947338104248047, -0.04068519175052643, 237.0
1110121, 0.004112941212952137, -0.40041831135749817, -1.4979676008224487, 0.014076270163059235, 0.014294754713773727, -0.03047020547091961, 0.0, 0.0, 0.0, 0.0, 0.0, 0.0, 0.0, 0.0022790804505348206, -0.4028310775756836, -1.494760513305664, -0.040506087243556976, 237.0
1110141, 0.004094204865396023, -0.40041786432266235, -1.4979490041732788, 0.013968740589916706, 0.014281438663601875, -0.030306022614240646, 0.0, 0.0, 0.0, 0.0, 0.0, 0.0, 0.0, 0.0024222582578659058, -0.4024829864501953, -1.4945697784423828, -0.03922070190310478, 237.0
1110162, 0.004159377422183752, -0.40036073327064514, -1.498034119606018, 0.0141054792329669, 0.014489386230707169, -0.030679482966661453, 0.0, 0.0, 0.0, 0.0, 0.0, 0.0, 0.0, 0.0018469467759132385, -0.4028935432434082, -1.494791030883789, -0.038019850850105286, 237.0
1110181, 0.0040878779254853725, -0.40040141344070435, -1.497926950454712, 0.013888661749660969, 0.014469334855675697, -0.030121969059109688, 0.0, 0.0, 0.0, 0.0, 0.0, 0.0, 0.0, 0.002118252217769623, -0.4029994010925293, -1.4947319030761719, -0.0373874306678772, 241.0
1110202, 0.004149817395955324, -0.40034282207489014, -1.4980226755142212, 0.013970986008644104, 0.01456001028418541, -0.030716685578227043, 0.0, 0.0, 0.0, 0.0, 0.0, 0.0, 0.0, 0.00276082381606102, -0.40273618698120117, -1.4947376251220703, -0.03787681460380554, 241.0
1110221, 0.004082486964762211, -0.40039530396461487, -1.49791419506073, 0.013581978157162666, 0.014638645574450493, -0.02996176853775978, 0.0, 0.0, 0.0, 0.0, 0.0, 0.0, 0.0, 0.0022648796439170837, -0.40262413024902344, -1.4947032928466797, -0.03697752207517624, 241.0
1110241, 0.004123630467802286, -0.4003392159938812, -1.4979914426803589, 0.013779678381979465, 0.01499962154775858, -0.030200861394405365, 0.0, 0.0, 0.0, 0.0, 0.0, 0.0, 0.0, 0.002681005746126175, -0.4025001525878906, -1.4946365356445312, -0.03869721665978432, 241.0
1110261, 0.004072016105055809, -0.40036267042160034, -1.497879981994629, 0.01367238163948059, 0.014961670152842999, -0.029603278264403343, 0.0, 0.0, 0.0, 0.0, 0.0, 0.0, 0.0, 0.002200007438659668, -0.40241193771362305, -1.4946784973144531, -0.03823373094201088, 241.0
1110281, 0.004020937718451023, -0.40040168166160583, -1.4977914094924927, 0.013448730111122131, 0.014406086876988411, -0.029016055166721344, 0.0, 0.0, 0.0, 0.0, 0.0, 0.0, 0.0, 0.002467542886734009, -0.4028763771057129, -1.4947280883789062, -0.03805352747440338, 239.0
1110301, 0.004052972421050072, -0.40035179257392883, -1.497880458831787, 0.013589221984148026, 0.014602714218199253, -0.029725903645157814, 0.0, 0.0, 0.0, 0.0, 0.0, 0.0, 0.0, 0.002398323267698288, -0.40300893783569336, -1.494659423828125, -0.036359753459692, 239.0
1110321, 0.00399931613355875, -0.4004128873348236, -1.4977803230285645, 0.013204964809119701, 0.014332004822790623, -0.029764952138066292, 0.0, 0.0, 0.0, 0.0, 0.0, 0.0, 0.0, 0.0026303641498088837, -0.4030475616455078, -1.4947738647460938, -0.03536481782793999, 239.0
1110341, 0.004057309590280056, -0.40036919713020325, -1.4979009628295898, 0.013404075987637043, 0.014180309139192104, -0.03076573647558689, 0.0, 0.0, 0.0, 0.0, 0.0, 0.0, 0.0, 0.002622988075017929, -0.40284252166748047, -1.4948673248291016, -0.03656414523720741, 239.0
1110363, 0.003927404526621103, -0.4004855453968048, -1.4976706504821777, 0.013002848252654076, 0.013618170283734798, -0.029480265453457832, 0.0, 0.0, 0.0, 0.0, 0.0, 0.0, 0.0, 0.002089027315378189, -0.40293216705322266, -1.494771957397461, -0.036155667155981064, 239.0
1110381, 0.003972661681473255, -0.4004628658294678, -1.4977728128433228, 0.013457574881613255, 0.013650991022586823, -0.029806697741150856, 0.0, 0.0, 0.0, 0.0, 0.0, 0.0, 0.0, 0.0025351308286190033, -0.4027724266052246, -1.4946861267089844, -0.038241565227508545, 242.0
1110401, 0.003993441816419363, -0.40042874217033386, -1.4978877305984497, 0.013489185832440853, 0.01368270255625248, -0.030370203778147697, 0.0, 0.0, 0.0, 0.0, 0.0, 0.0, 0.0, 0.0021730363368988037, -0.4030442237854004, -1.4946365356445312, -0.039740465581417084, 242.0
1110421, 0.003912652377039194, -0.40043532848358154, -1.4977508783340454, 0.013630584813654423, 0.013639809563755989, -0.02982073836028576, 0.0, 0.0, 0.0, 0.0, 0.0, 0.0, 0.0, 0.0026272162795066833, -0.4028024673461914, -1.4947566986083984, -0.04056647792458534, 242.0
1110441, 0.004024142865091562, -0.4004172086715698, -1.4979207515716553, 0.014489858411252499, 0.013514545746147633, -0.031035661697387695, 0.0, 0.0, 0.0, 0.0, 0.0, 0.0, 0.0, 0.0029953494668006897, -0.40294599533081055, -1.495208740234375, -0.04177608713507652, 242.0
1110461, 0.004010401200503111, -0.4004627466201782, -1.4979020357131958, 0.014719156548380852, 0.013139702379703522, -0.031489454209804535, 0.0, 0.0, 0.0, 0.0, 0.0, 0.0, 0.0, 0.0027771927416324615, -0.40273427963256836, -1.4946880340576172, -0.03977038338780403, 242.0
1110481, 0.004011569079011679, -0.40050750970840454, -1.49785578250885, 0.01448386162519455, 0.013148247264325619, -0.031084764748811722, 0.0, 0.0, 0.0, 0.0, 0.0, 0.0, 0.0, 0.002327997237443924, -0.40288591384887695, -1.494710922241211, -0.039148058742284775, 239.0
1110501, 0.004093644209206104, -0.40046194195747375, -1.4979946613311768, 0.014876156114041805, 0.013178007677197456, -0.03176574036478996, 0.0, 0.0, 0.0, 0.0, 0.0, 0.0, 0.0, 0.002341225743293762, -0.4026813507080078, -1.4946537017822266, -0.03887586668133736, 239.0
1110521, 0.004042704124003649, -0.4005208909511566, -1.4979389905929565, 0.014644628390669823, 0.013024545274674892, -0.031274065375328064, 0.0, 0.0, 0.0, 0.0, 0.0, 0.0, 0.0, 0.0019110068678855896, -0.40291690826416016, -1.494710922241211, -0.03847697377204895, 239.0
1110541, 0.0040985397063195705, -0.4004717767238617, -1.4980580806732178, 0.014739024452865124, 0.012979167513549328, -0.03166547417640686, 0.0, 0.0, 0.0, 0.0, 0.0, 0.0, 0.0, 0.002196699380874634, -0.40291595458984375, -1.4945926666259766, -0.03668402507901192, 239.0
1110561, 0.0041221980936825275, -0.4004981517791748, -1.4980692863464355, 0.014844964258372784, 0.012651770375669003, -0.0319182351231575, 0.0, 0.0, 0.0, 0.0, 0.0, 0.0, 0.0, 0.0022027119994163513, -0.4029254913330078, -1.4947948455810547, -0.036436088383197784, 239.0
1110581, 0.0039957305416464806, -0.4005175828933716, -1.4979325532913208, 0.014550318941473961, 0.012626025825738907, -0.030872460454702377, 0.0, 0.0, 0.0, 0.0, 0.0, 0.0, 0.0, 0.002053234726190567, -0.40298891067504883, -1.494710922241211, -0.0359225869178772, 240.0
1110602, 0.004128966014832258, -0.40050405263900757, -1.4981014728546143, 0.015169273130595684, 0.012842269614338875, -0.031797561794519424, 0.0, 0.0, 0.0, 0.0, 0.0, 0.0, 0.0, 0.003141269087791443, -0.40329837799072266, -1.495229721069336, -0.035334426909685135, 240.0
1110621, 0.004065725486725569, -0.40054401755332947, -1.497974157333374, 0.01493887323886156, 0.012676847167313099, -0.030612660571932793, 0.0, 0.0, 0.0, 0.0, 0.0, 0.0, 0.0, 0.001902848482131958, -0.40288639068603516, -1.4946327209472656, -0.03504364937543869, 240.0
1110641, 0.004060271196067333, -0.4005800187587738, -1.4979289770126343, 0.014697575941681862, 0.012700348161160946, -0.0306367389857769, 0.0, 0.0, 0.0, 0.0, 0.0, 0.0, 0.0, 0.002754203975200653, -0.40283966064453125, -1.4949836730957031, -0.03594129532575607, 240.0
1110661, 0.004120434168726206, -0.4005454182624817, -1.4980641603469849, 0.014988120645284653, 0.01312723197042942, -0.031121080741286278, 0.0, 0.0, 0.0, 0.0, 0.0, 0.0, 0.0, 0.002273429185152054, -0.40282106399536133, -1.4947280883789062, -0.036966219544410706, 240.0
1110681, 0.004091521259397268, -0.4005782902240753, -1.497973918914795, 0.01474203635007143, 0.013165379874408245, -0.030309759080410004, 0.0, 0.0, 0.0, 0.0, 0.0, 0.0, 0.0, 0.0025113001465797424, -0.40265321731567383, -1.49468994140625, -0.034694671630859375, 235.0
1110702, 0.004168298095464706, -0.40052562952041626, -1.498079538345337, 0.014912981539964676, 0.012993006967008114, -0.03083825670182705, 0.0, 0.0, 0.0, 0.0, 0.0, 0.0, 0.0, 0.00248737633228302, -0.40305471420288086, -1.4947776794433594, -0.03513750061392784, 235.0
1110721, 0.004145149141550064, -0.40054598450660706, -1.4979945421218872, 0.015080935321748257, 0.012759702280163765, -0.030567964538931847, 0.0, 0.0, 0.0, 0.0, 0.0, 0.0, 0.0, 0.0021675974130630493, -0.40293025970458984, -1.494741439819336, -0.035069264471530914, 235.0
1110741, 0.004106329753994942, -0.4006028175354004, -1.4979015588760376, 0.014912926591932774, 0.012515584006905556, -0.029789911583065987, 0.0, 0.0, 0.0, 0.0, 0.0, 0.0, 0.0, 0.0022530481219291687, -0.40309762954711914, -1.4946479797363281, -0.03376513719558716, 235.0
1110761, 0.004157382063567638, -0.4005550444126129, -1.4979809522628784, 0.015324666164815426, 0.0126259233802557, -0.0303513016551733, 0.0, 0.0, 0.0, 0.0, 0.0, 0.0, 0.0, 0.002056378871202469, -0.40299558639526367, -1.494720458984375, -0.03350391611456871, 235.0
1110781, 0.004123033955693245, -0.4006054103374481, -1.4978721141815186, 0.015102321282029152, 0.012592960149049759, -0.02955779992043972, 0.0, 0.0, 0.0, 0.0, 0.0, 0.0, 0.0, 0.0026307180523872375, -0.40271615982055664, -1.4947872161865234, -0.03202212229371071, 240.0
1110801, 0.0041845813393592834, -0.40055638551712036, -1.4979668855667114, 0.015250248834490776, 0.012804819270968437, -0.029985740780830383, 0.0, 0.0, 0.0, 0.0, 0.0, 0.0, 0.0, 0.0021119005978107452, -0.40287351608276367, -1.49468994140625, -0.032797034829854965, 240.0
1110821, 0.00415285537019372, -0.4005884528160095, -1.4978301525115967, 0.015045085921883583, 0.012727983295917511, -0.029353277757763863, 0.0, 0.0, 0.0, 0.0, 0.0, 0.0, 0.0, 0.0008245222270488739, -0.4017772674560547, -1.4935131072998047, -0.03145715594291687, 240.0
1110841, 0.004151378758251667, -0.40055006742477417, -1.497897744178772, 0.014676705002784729, 0.013112298212945461, -0.02965403161942959, 0.0, 0.0, 0.0, 0.0, 0.0, 0.0, 0.0, 0.00013164430856704712, -0.4021768569946289, -1.4935722351074219, -0.029898228123784065, 240.0
1110861, 0.00414629140868783, -0.4005589783191681, -1.4978402853012085, 0.01461879163980484, 0.013377021066844463, -0.029641496017575264, 0.0, 0.0, 0.0, 0.0, 0.0, 0.0, 0.0, 0.0025370679795742035, -0.40287208557128906, -1.4948673248291016, -0.02983343042433262, 240.0
1110881, 0.004075018689036369, -0.40058958530426025, -1.4977269172668457, 0.014319089241325855, 0.01332404837012291, -0.029086241498589516, 0.0, 0.0, 0.0, 0.0, 0.0, 0.0, 0.0, 0.0025090985000133514, -0.4026150703430176, -1.4947147369384766, -0.028597550466656685, 235.0
1110901, 0.00414713891223073, -0.40054458379745483, -1.4978388547897339, 0.014809110201895237, 0.01335334312170744, -0.029774311929941177, 0.0, 0.0, 0.0, 0.0, 0.0, 0.0, 0.0, 0.0024449825286865234, -0.40282106399536133, -1.4947395324707031, -0.028979040682315826, 235.0
1110921, 0.00404183566570282, -0.40054693818092346, -1.4977166652679443, 0.014447581022977829, 0.013153299689292908, -0.029603011906147003, 0.0, 0.0, 0.0, 0.0, 0.0, 0.0, 0.0, 0.0027776509523391724, -0.4025745391845703, -1.4947738647460938, -0.027527382597327232, 235.0
1110941, 0.004139740020036697, -0.4005260467529297, -1.4978654384613037, 0.014394210651516914, 0.013167591765522957, -0.030508549883961678, 0.0, 0.0, 0.0, 0.0, 0.0, 0.0, 0.0, 0.0031737573444843292, -0.40302515029907227, -1.4950504302978516, -0.028131255879998207, 235.0
1110961, 0.004080073907971382, -0.40053707361221313, -1.497818112373352, 0.014036974869668484, 0.013214758597314358, -0.030577775090932846, 0.0, 0.0, 0.0, 0.0, 0.0, 0.0, 0.0, 0.0023190155625343323, -0.40294885635375977, -1.494821548461914, -0.027250677347183228, 235.0
1110981, 0.004062204621732235, -0.4005669057369232, -1.4977619647979736, 0.013513121753931046, 0.013367552310228348, -0.030166558921337128, 0.0, 0.0, 0.0, 0.0, 0.0, 0.0, 0.0, 0.0028627626597881317, -0.40276384353637695, -1.4947967529296875, -0.027024604380130768, 237.0
1111001, 0.004097196273505688, -0.40052852034568787, -1.4979000091552734, 0.013598925434052944, 0.013816474005579948, -0.03117557242512703, 0.0, 0.0, 0.0, 0.0, 0.0, 0.0, 0.0, 0.001977205276489258, -0.4031524658203125, -1.4947948455810547, -0.027498312294483185, 237.0
1111021, 0.004077435936778784, -0.4005306661128998, -1.4978621006011963, 0.013503639958798885, 0.013691975735127926, -0.03129013627767563, 0.0, 0.0, 0.0, 0.0, 0.0, 0.0, 0.0, 0.0025984570384025574, -0.4028329849243164, -1.4947528839111328, -0.02714230865240097, 237.0
1111041, 0.004107453394681215, -0.4004859924316406, -1.4979982376098633, 0.014040393754839897, 0.013564840890467167, -0.031735941767692566, 0.0, 0.0, 0.0, 0.0, 0.0, 0.0, 0.0, 0.0018480606377124786, -0.40305471420288086, -1.4947433471679688, -0.027970394119620323, 237.0
1111061, 0.0040306951850652695, -0.4005115330219269, -1.4979267120361328, 0.014023015275597572, 0.013487514108419418, -0.031552184373140335, 0.0, 0.0, 0.0, 0.0, 0.0, 0.0, 0.0, 0.0024100542068481445, -0.4029407501220703, -1.4947185516357422, -0.029505664482712746, 237.0
1111081, 0.0040027727372944355, -0.40054023265838623, -1.4978899955749512, 0.014042750000953674, 0.01349726878106594, -0.031593482941389084, 0.0, 0.0, 0.0, 0.0, 0.0, 0.0, 0.0, 0.0006087459623813629, -0.40235471725463867, -1.4938774108886719, -0.028965594246983528, 235.0
1111101, 0.0040085152722895145, -0.40047502517700195, -1.497998833656311, 0.014238802716135979, 0.013698391616344452, -0.031920455396175385, 0.0, 0.0, 0.0, 0.0, 0.0, 0.0, 0.0, 0.002290196716785431, -0.40273380279541016, -1.4947433471679688, -0.03324141725897789, 235.0
1111121, 0.004078458063304424, -0.4004659652709961, -1.4980677366256714, 0.014331571757793427, 0.013608662411570549, -0.032572634518146515, 0.0, 0.0, 0.0, 0.0, 0.0, 0.0, 0.0, 0.0030811727046966553, -0.40264034271240234, -1.4948387145996094, -0.033279888331890106, 235.0
1111141, 0.003919036593288183, -0.40054693818092346, -1.497788906097412, 0.013539386913180351, 0.013320901431143284, -0.030975164845585823, 0.0, 0.0, 0.0, 0.0, 0.0, 0.0, 0.0, 0.002497464418411255, -0.4027085304260254, -1.4947547912597656, -0.033179618418216705, 235.0
1111161, 0.004013705067336559, -0.4004044234752655, -1.4980052709579468, 0.014341193251311779, 0.013870608992874622, -0.031053518876433372, 0.0, 0.0, 0.0, 0.0, 0.0, 0.0, 0.0, 0.0026387572288513184, -0.4031515121459961, -1.4952983856201172, -0.033211540430784225, 235.0
1111181, 0.004050560295581818, -0.4004521369934082, -1.4980660676956177, 0.01419965922832489, 0.013817277736961842, -0.03132370114326477, 0.0, 0.0, 0.0, 0.0, 0.0, 0.0, 0.0, 0.003095928579568863, -0.4034891128540039, -1.4954395294189453, -0.032365914434194565, 236.0
1111202, 0.00398265291005373, -0.4005211591720581, -1.497902274131775, 0.01378000807017088, 0.013863430358469486, -0.030504919588565826, 0.0, 0.0, 0.0, 0.0, 0.0, 0.0, 0.0, 0.0026360005140304565, -0.40283203125, -1.4948482513427734, -0.032326992601156235, 236.0
1111221, 0.003961570560932159, -0.4005514085292816, -1.497859239578247, 0.013742238283157349, 0.013737182132899761, -0.030269527807831764, 0.0, 0.0, 0.0, 0.0, 0.0, 0.0, 0.0, 0.0023226067423820496, -0.4027724266052246, -1.4946441650390625, -0.032911088317632675, 236.0
1111241, 0.003870787099003792, -0.4005129337310791, -1.497772455215454, 0.013412493281066418, 0.014068100601434708, -0.030064629390835762, 0.0, 0.0, 0.0, 0.0, 0.0, 0.0, 0.0, 0.0024160295724868774, -0.4027070999145508, -1.4947967529296875, -0.032769788056612015, 236.0
1111261, 0.003974456340074539, -0.4004857838153839, -1.4979181289672852, 0.013464088551700115, 0.014165714383125305, -0.030516697093844414, 0.0, 0.0, 0.0, 0.0, 0.0, 0.0, 0.0, -0.00020463764667510986, -0.4020700454711914, -1.4935894012451172, -0.03300508111715317, 236.0
1111281, 0.003939190413802862, -0.40050363540649414, -1.4978306293487549, 0.01331166923046112, 0.013877424411475658, -0.029435863718390465, 0.0, 0.0, 0.0, 0.0, 0.0, 0.0, 0.0, 0.0025680847465991974, -0.402677059173584, -1.494638442993164, -0.033479440957307816, 240.0
1111302, 0.0040038269944489, -0.40047144889831543, -1.497908115386963, 0.013827269896864891, 0.014155497774481773, -0.029545675963163376, 0.0, 0.0, 0.0, 0.0, 0.0, 0.0, 0.0, 0.0021306388080120087, -0.4027533531188965, -1.494680404663086, -0.03392177075147629, 240.0
1111321, 0.003951789811253548, -0.4005090594291687, -1.4978188276290894, 0.013343450613319874, 0.013717131689190865, -0.028836915269494057, 0.0, 0.0, 0.0, 0.0, 0.0, 0.0, 0.0, 0.002161756157875061, -0.4028491973876953, -1.4946765899658203, -0.03319399803876877, 240.0
1111341, 0.003980032168328762, -0.40045860409736633, -1.497866153717041, 0.01352738868445158, 0.013749701902270317, -0.02938222326338291, 0.0, 0.0, 0.0, 0.0, 0.0, 0.0, 0.0, 0.002449456602334976, -0.4027223587036133, -1.4946975708007812, -0.03308442607522011, 240.0
1111361, 0.003965675365179777, -0.40049251914024353, -1.497769832611084, 0.013327084481716156, 0.013528604991734028, -0.028628168627619743, 0.0, 0.0, 0.0, 0.0, 0.0, 0.0, 0.0, 0.002514045685529709, -0.4029655456542969, -1.4948158264160156, -0.03403380513191223, 240.0
1111381, 0.00399525323882699, -0.40047499537467957, -1.4978406429290771, 0.013403630815446377, 0.013375882990658283, -0.028980450704693794, 0.0, 0.0, 0.0, 0.0, 0.0, 0.0, 0.0, 0.002271834760904312, -0.40315723419189453, -1.4948558807373047, -0.03381013870239258, 236.0
1111401, 0.0039705014787614346, -0.40051519870758057, -1.4977402687072754, 0.013301276601850986, 0.013275406323373318, -0.028328245505690575, 0.0, 0.0, 0.0, 0.0, 0.0, 0.0, 0.0, 0.002600841224193573, -0.4028196334838867, -1.4947929382324219, -0.03339439257979393, 236.0
1111421, 0.00391653785482049, -0.40055662393569946, -1.4976603984832764, 0.012880055233836174, 0.013138768263161182, -0.027968361973762512, 0.0, 0.0, 0.0, 0.0, 0.0, 0.0, 0.0, 0.0020575858652591705, -0.40294551849365234, -1.4947986602783203, -0.033560942858457565, 236.0
1111441, 0.003974565304815769, -0.4005267024040222, -1.4977209568023682, 0.012694602832198143, 0.013068306259810925, -0.02852373570203781, 0.0, 0.0, 0.0, 0.0, 0.0, 0.0, 0.0, 0.002479616552591324, -0.40280628204345703, -1.4946613311767578, -0.03400781378149986, 236.0
1111461, 0.0038491967134177685, -0.4005352556705475, -1.4975908994674683, 0.012465755455195904, 0.012928281910717487, -0.02836676687002182, 0.0, 0.0, 0.0, 0.0, 0.0, 0.0, 0.0, 0.001694515347480774, -0.40293025970458984, -1.4946975708007812, -0.03326287865638733, 236.0
1111481, 0.003834826871752739, -0.40060463547706604, -1.4975653886795044, 0.012378397397696972, 0.01326333824545145, -0.028476079925894737, 0.0, 0.0, 0.0, 0.0, 0.0, 0.0, 0.0, 0.002594742923974991, -0.40334558486938477, -1.49517822265625, -0.03393631428480148, 236.0
1111501, 0.0038810549303889275, -0.4005495607852936, -1.497654676437378, 0.012604914605617523, 0.013266422785818577, -0.028975892812013626, 0.0, 0.0, 0.0, 0.0, 0.0, 0.0, 0.0, 0.0025915205478668213, -0.40277862548828125, -1.4946670532226562, -0.03324876353144646, 236.0
1111521, 0.003832627786323428, -0.4005769193172455, -1.497594952583313, 0.012491143308579922, 0.012623002752661705, -0.028794145211577415, 0.0, 0.0, 0.0, 0.0, 0.0, 0.0, 0.0, -0.00024769455194473267, -0.40249013900756836, -1.4932289123535156, -0.032065555453300476, 236.0
1111541, 0.0038684303872287273, -0.400555819272995, -1.4976966381072998, 0.012449475936591625, 0.012426611967384815, -0.029422732070088387, 0.0, 0.0, 0.0, 0.0, 0.0, 0.0, 0.0, 0.0024084560573101044, -0.40280628204345703, -1.4947624206542969, -0.032607123255729675, 236.0
1111561, 0.0038416122552007437, -0.4005935788154602, -1.4976584911346436, 0.012229983694851398, 0.012384633533656597, -0.029388191178441048, 0.0, 0.0, 0.0, 0.0, 0.0, 0.0, 0.0, 0.0020557641983032227, -0.40305423736572266, -1.494791030883789, -0.033214021474123, 236.0
1111581, 0.003812441835179925, -0.40063777565956116, -1.4976259469985962, 0.012113980017602444, 0.011991210281848907, -0.029536938294768333, 0.0, 0.0, 0.0, 0.0, 0.0, 0.0, 0.0, 0.002443663775920868, -0.4026980400085449, -1.494729995727539, -0.03465614095330238, 232.0
1111601, 0.0038478849455714226, -0.4006343185901642, -1.4977433681488037, 0.012521682307124138, 0.01174146868288517, -0.029944345355033875, 0.0, 0.0, 0.0, 0.0, 0.0, 0.0, 0.0, 0.0018676519393920898, -0.4030461311340332, -1.4947547912597656, -0.032602161169052124, 232.0
1111621, 0.0037850027438253164, -0.40062734484672546, -1.4976532459259033, 0.012486597523093224, 0.011986290104687214, -0.02978280931711197, 0.0, 0.0, 0.0, 0.0, 0.0, 0.0, 0.0, 0.0023242495954036713, -0.4028139114379883, -1.4947128295898438, -0.031878404319286346, 232.0
1111641, 0.0038537257350981236, -0.4006388783454895, -1.4978110790252686, 0.012879772111773491, 0.012216438539326191, -0.03070177137851715, 0.0, 0.0, 0.0, 0.0, 0.0, 0.0, 0.0, 0.002871360629796982, -0.40328168869018555, -1.4952392578125, -0.03113788738846779, 232.0
1111661, 0.003834608942270279, -0.4006510078907013, -1.4977660179138184, 0.012616091407835484, 0.012288881465792656, -0.030519524589180946, 0.0, 0.0, 0.0, 0.0, 0.0, 0.0, 0.0, 0.0024152137339115143, -0.402834415435791, -1.49481201171875, -0.03071700409054756, 232.0
1111681, 0.003887027036398649, -0.4006029963493347, -1.4979076385498047, 0.012468460015952587, 0.01227615773677826, -0.03152528032660484, 0.0, 0.0, 0.0, 0.0, 0.0, 0.0, 0.0, 0.002349555492401123, -0.40276527404785156, -1.4948406219482422, -0.029738232493400574, 239.0
1111702, 0.003867003135383129, -0.400635302066803, -1.4978703260421753, 0.012498462572693825, 0.012066992931067944, -0.03145492449402809, 0.0, 0.0, 0.0, 0.0, 0.0, 0.0, 0.0, 0.002077840268611908, -0.40289306640625, -1.4946765899658203, -0.029122503474354744, 239.0
1111721, 0.0038346038199961185, -0.40067386627197266, -1.4978936910629272, 0.013022699393332005, 0.01188789214938879, -0.03141486272215843, 0.0, 0.0, 0.0, 0.0, 0.0, 0.0, 0.0, 0.0020413361489772797, -0.40307188034057617, -1.4948444366455078, -0.027644557878375053, 239.0
1111741, 0.0038847774267196655, -0.4006490707397461, -1.4980125427246094, 0.01342166867107153, 0.012052087113261223, -0.031614866107702255, 0.0, 0.0, 0.0, 0.0, 0.0, 0.0, 0.0, 0.0021622739732265472, -0.40270328521728516, -1.4946022033691406, -0.025989657267928123, 239.0
1111761, 0.0038809499237686396, -0.4006803631782532, -1.497962236404419, 0.013570922426879406, 0.011896071955561638, -0.03101472184062004, 0.0, 0.0, 0.0, 0.0, 0.0, 0.0, 0.0, 0.0020227916538715363, -0.40287208557128906, -1.4947032928466797, -0.025058766826987267, 239.0
1111781, 0.003895206842571497, -0.40066301822662354, -1.4979383945465088, 0.013507676310837269, 0.011904072016477585, -0.03083115816116333, 0.0, 0.0, 0.0, 0.0, 0.0, 0.0, 0.0, 0.0023004822432994843, -0.40244293212890625, -1.4945716857910156, -0.024801630526781082, 235.0
1111802, 0.003905858611688018, -0.40057846903800964, -1.4980597496032715, 0.013835893012583256, 0.012190732173621655, -0.03149968013167381, 0.0, 0.0, 0.0, 0.0, 0.0, 0.0, 0.0, 0.0021856799721717834, -0.40279293060302734, -1.494741439819336, -0.024594644084572792, 235.0
1111821, 0.003953005187213421, -0.400627076625824, -1.4979877471923828, 0.014172614552080631, 0.012098747305572033, -0.030981851741671562, 0.0, 0.0, 0.0, 0.0, 0.0, 0.0, 0.0, 0.00312824547290802, -0.4034290313720703, -1.4951534271240234, -0.023133136332035065, 235.0
1111842, 0.00401482917368412, -0.4005846381187439, -1.4980969429016113, 0.014247559942305088, 0.012302766554057598, -0.0312875360250473, 0.0, 0.0, 0.0, 0.0, 0.0, 0.0, 0.0, 0.0021397173404693604, -0.40308141708374023, -1.4948692321777344, -0.021189121529459953, 235.0
1111861, 0.004028046038001776, -0.4005885422229767, -1.498077154159546, 0.014070077799260616, 0.012169997207820415, -0.031123489141464233, 0.0, 0.0, 0.0, 0.0, 0.0, 0.0, 0.0, 0.0022699572145938873, -0.4028587341308594, -1.4948616027832031, -0.02005336992442608, 235.0
1111881, 0.00392597820609808, -0.40062272548675537, -1.4979263544082642, 0.013727493584156036, 0.011706486344337463, -0.02996135503053665, 0.0, 0.0, 0.0, 0.0, 0.0, 0.0, 0.0, 0.0021804794669151306, -0.4031553268432617, -1.4947738647460938, -0.02493569441139698, 239.0
1111901, 0.004054220858961344, -0.4006178379058838, -1.4980590343475342, 0.013914569281041622, 0.011549239978194237, -0.030654385685920715, 0.0, 0.0, 0.0, 0.0, 0.0, 0.0, 0.0, 4.4677406549453735e-05, -0.40214109420776367, -1.4934825897216797, -0.025160321965813637, 239.0
1111921, 0.003994456492364407, -0.40065237879753113, -1.4979742765426636, 0.013765291310846806, 0.011228485032916069, -0.0305176991969347, 0.0, 0.0, 0.0, 0.0, 0.0, 0.0, 0.0, 0.002267155796289444, -0.40271520614624023, -1.4947090148925781, -0.024104906246066093, 239.0
1111941, 0.004064706154167652, -0.40063366293907166, -1.4980539083480835, 0.013988991267979145, 0.0112255634739995, -0.03103679046034813, 0.0, 0.0, 0.0, 0.0, 0.0, 0.0, 0.0, 0.0027931928634643555, -0.4025444984436035, -1.494821548461914, -0.02438286505639553, 239.0
1111961, 0.003977268934249878, -0.40066349506378174, -1.497876763343811, 0.0137100238353014, 0.011034814640879631, -0.029834089800715446, 0.0, 0.0, 0.0, 0.0, 0.0, 0.0, 0.0, 0.002306286245584488, -0.4027523994445801, -1.4946651458740234, -0.023144777864217758, 239.0
1111981, 0.003947530407458544, -0.40076348185539246, -1.4977401494979858, 0.013419190421700478, 0.010765304788947105, -0.02923135831952095, 0.0, 0.0, 0.0, 0.0, 0.0, 0.0, 0.0, 0.003224112093448639, -0.4028496742248535, -1.4952392578125, -0.02410011738538742, 241.0
1112001, 0.0040289596654474735, -0.40072429180145264, -1.4979426860809326, 0.013674785383045673, 0.010599914938211441, -0.0298918429762125, 0.0, 0.0, 0.0, 0.0, 0.0, 0.0, 0.0, 0.0026057064533233643, -0.4029841423034668, -1.4947834014892578, -0.024167606607079506, 241.0
1112021, 0.004002965521067381, -0.4007507562637329, -1.4978476762771606, 0.013765496201813221, 0.010585106909275055, -0.029326466843485832, 0.0, 0.0, 0.0, 0.0, 0.0, 0.0, 0.0, 0.00017051026225090027, -0.4022178649902344, -1.4935302734375, -0.023734131827950478, 241.0
1112041, 0.004042709246277809, -0.40071699023246765, -1.4978983402252197, 0.013706780038774014, 0.010627398267388344, -0.029449298977851868, 0.0, 0.0, 0.0, 0.0, 0.0, 0.0, 0.0, 0.0006503276526927948, -0.40187883377075195, -1.4935359954833984, -0.023880232125520706, 241.0
1112061, 0.004017505794763565, -0.40076249837875366, -1.497831106185913, 0.013243304565548897, 0.010622517205774784, -0.02924228459596634, 0.0, 0.0, 0.0, 0.0, 0.0, 0.0, 0.0, 0.0026099905371665955, -0.4026455879211426, -1.494802474975586, -0.024148495867848396, 241.0
1112081, 0.0038981614634394646, -0.4008495807647705, -1.49764883518219, 0.012652123346924782, 0.010498862713575363, -0.02852783165872097, 0.0, 0.0, 0.0, 0.0, 0.0, 0.0, 0.0, 0.0016817152500152588, -0.4027876853942871, -1.4946174621582031, -0.03312729671597481, 234.0
1112101, 0.003916995134204626, -0.40072792768478394, -1.4977898597717285, 0.012888976372778416, 0.010910794138908386, -0.02968926914036274, 0.0, 0.0, 0.0, 0.0, 0.0, 0.0, 0.0, 0.0034960992634296417, -0.4029521942138672, -1.4951496124267578, -0.033041585236787796, 234.0
1112121, 0.003963841125369072, -0.400773823261261, -1.4977960586547852, 0.012829313054680824, 0.010768728330731392, -0.02983066253364086, 0.0, 0.0, 0.0, 0.0, 0.0, 0.0, 0.0, 0.0032486319541931152, -0.4032583236694336, -1.4952373504638672, -0.03310656175017357, 234.0
1112141, 0.0038580948021262884, -0.4008658826351166, -1.497614860534668, 0.01223540399223566, 0.010613549500703812, -0.029137127101421356, 0.0, 0.0, 0.0, 0.0, 0.0, 0.0, 0.0, 0.001844022423028946, -0.40301990509033203, -1.4948101043701172, -0.03234918415546417, 234.0
1112161, 0.0039036988746374846, -0.40075257420539856, -1.4978125095367432, 0.012809048406779766, 0.011044025421142578, -0.03022320754826069, 0.0, 0.0, 0.0, 0.0, 0.0, 0.0, 0.0, 0.0023839809000492096, -0.4029078483581543, -1.4947509765625, -0.03316449746489525, 234.0
1112181, 0.0038600910920649767, -0.40083974599838257, -1.4976834058761597, 0.012708262540400028, 0.010995166376233101, -0.029534101486206055, 0.0, 0.0, 0.0, 0.0, 0.0, 0.0, 0.0, 0.002885982394218445, -0.403109073638916, -1.495147705078125, -0.033496055752038956, 239.0
1112201, 0.003868033178150654, -0.4007468819618225, -1.4978307485580444, 0.012977438978850842, 0.01099364459514618, -0.030067741870880127, 0.0, 0.0, 0.0, 0.0, 0.0, 0.0, 0.0, 0.0021627768874168396, -0.4030599594116211, -1.4948234558105469, -0.033220939338207245, 239.0
1112221, 0.0038613660726696253, -0.4007786512374878, -1.4978368282318115, 0.012951490469276905, 0.010993254370987415, -0.03009856306016445, 0.0, 0.0, 0.0, 0.0, 0.0, 0.0, 0.0, 0.0011714845895767212, -0.4023756980895996, -1.4940948486328125, -0.032336026430130005, 239.0
1112242, 0.003924102988094091, -0.4007405638694763, -1.4979368448257446, 0.01322713028639555, 0.01109076663851738, -0.030903248116374016, 0.0, 0.0, 0.0, 0.0, 0.0, 0.0, 0.0, 0.0008455552160739899, -0.40247631072998047, -1.4932365417480469, -0.03260982036590576, 239.0
1112261, 0.003907079808413982, -0.40078088641166687, -1.4979206323623657, 0.013505005277693272, 0.011004770174622536, -0.030770136043429375, 0.0, 0.0, 0.0, 0.0, 0.0, 0.0, 0.0, 0.0024877935647964478, -0.4029994010925293, -1.4949283599853516, -0.03234771639108658, 239.0
1112281, 0.0038421377539634705, -0.4008345305919647, -1.4977666139602661, 0.013326732441782951, 0.011177591979503632, -0.030073316767811775, 0.0, 0.0, 0.0, 0.0, 0.0, 0.0, 0.0, 0.0023394860327243805, -0.40293216705322266, -1.494699478149414, -0.03255508467555046, 233.0
1112301, 0.0037715041544288397, -0.4007834494113922, -1.497679591178894, 0.012917333282530308, 0.011579482816159725, -0.030017247423529625, 0.0, 0.0, 0.0, 0.0, 0.0, 0.0, 0.0, 0.00018712878227233887, -0.4022808074951172, -1.4935073852539062, -0.031822413206100464, 233.0
1112321, 0.003780418774113059, -0.4008179008960724, -1.4976433515548706, 0.012994403019547462, 0.011572904884815216, -0.029790356755256653, 0.0, 0.0, 0.0, 0.0, 0.0, 0.0, 0.0, 0.003236006945371628, -0.403353214263916, -1.4953079223632812, -0.031577832996845245, 233.0
1112342, 0.003789463546127081, -0.4007740020751953, -1.4977624416351318, 0.012734907679259777, 0.011605347506701946, -0.03005574643611908, 0.0, 0.0, 0.0, 0.0, 0.0, 0.0, 0.0, 0.002765107899904251, -0.4028167724609375, -1.495107650756836, -0.03218439966440201, 233.0
1112361, 0.003808652749285102, -0.4007548391819, -1.4977747201919556, 0.012697523459792137, 0.011649551801383495, -0.03022647276520729, 0.0, 0.0, 0.0, 0.0, 0.0, 0.0, 0.0, 0.0006589330732822418, -0.40250205993652344, -1.4933547973632812, -0.031647372990846634, 233.0
1112381, 0.003845873987302184, -0.4007156193256378, -1.49784255027771, 0.013049343600869179, 0.011722379364073277, -0.03033016249537468, 0.0, 0.0, 0.0, 0.0, 0.0, 0.0, 0.0, 0.0027487874031066895, -0.40289926528930664, -1.494955062866211, -0.030977001413702965, 237.0
1112401, 0.003735238453373313, -0.4007209539413452, -1.4977141618728638, 0.012638510204851627, 0.011465038172900677, -0.02953324280679226, 0.0, 0.0, 0.0, 0.0, 0.0, 0.0, 0.0, 0.0005081444978713989, -0.40245962142944336, -1.4938297271728516, -0.029780080541968346, 237.0
1112421, 0.003732234938070178, -0.4007445275783539, -1.497678518295288, 0.012535846792161465, 0.011376695707440376, -0.029269158840179443, 0.0, 0.0, 0.0, 0.0, 0.0, 0.0, 0.0, 0.0031982585787773132, -0.40314388275146484, -1.495321273803711, -0.03020636923611164, 237.0
1112441, 0.003803231054916978, -0.40067335963249207, -1.4978541135787964, 0.01296011172235012, 0.011492153629660606, -0.029888620600104332, 0.0, 0.0, 0.0, 0.0, 0.0, 0.0, 0.0, 0.0010852515697479248, -0.4023456573486328, -1.4941844940185547, -0.030240163207054138, 237.0
1112461, 0.0038286533672362566, -0.4007112681865692, -1.4978492259979248, 0.01333642564713955, 0.011443997733294964, -0.02992587350308895, 0.0, 0.0, 0.0, 0.0, 0.0, 0.0, 0.0, 0.0032531842589378357, -0.4028444290161133, -1.4951744079589844, -0.030300498008728027, 237.0
1112481, 0.0038945910055190325, -0.4006655216217041, -1.4979108572006226, 0.01398568693548441, 0.011552661657333374, -0.030128339305520058, 0.0, 0.0, 0.0, 0.0, 0.0, 0.0, 0.0, 8.880347013473511e-05, -0.4025092124938965, -1.4931488037109375, -0.03019372746348381, 236.0
1112501, 0.0038108229637145996, -0.4006853699684143, -1.4977952241897583, 0.014039598405361176, 0.011350098997354507, -0.029554523527622223, 0.0, 0.0, 0.0, 0.0, 0.0, 0.0, 0.0, 0.0021947957575321198, -0.40303659439086914, -1.4949302673339844, -0.02841799706220627, 236.0
1112521, 0.0038132378831505775, -0.40072521567344666, -1.497697353363037, 0.013682909309864044, 0.01131563913077116, -0.028961192816495895, 0.0, 0.0, 0.0, 0.0, 0.0, 0.0, 0.0, 0.0031627975404262543, -0.4029059410095215, -1.495096206665039, -0.029344385489821434, 236.0
1112541, 0.003883575787767768, -0.4006917178630829, -1.4977922439575195, 0.014003756456077099, 0.011279831640422344, -0.029612954705953598, 0.0, 0.0, 0.0, 0.0, 0.0, 0.0, 0.0, 0.0026815980672836304, -0.4031791687011719, -1.4951152801513672, -0.02841474674642086, 236.0
1112561, 0.0037809337954968214, -0.40069422125816345, -1.4976394176483154, 0.013492656871676445, 0.011161485686898232, -0.029061200097203255, 0.0, 0.0, 0.0, 0.0, 0.0, 0.0, 0.0, 0.001024533063173294, -0.40195178985595703, -1.4938297271728516, -0.02700147032737732, 236.0
1112581, 0.003865649690851569, -0.4006690979003906, -1.497725009918213, 0.013877023011446, 0.010788869112730026, -0.029659954831004143, 0.0, 0.0, 0.0, 0.0, 0.0, 0.0, 0.0, 0.003440946340560913, -0.4031829833984375, -1.4951610565185547, -0.024726370349526405, 236.0
1112601, 0.0038845669478178024, -0.40075698494911194, -1.4977213144302368, 0.013766858726739883, 0.01067102886736393, -0.02957579493522644, 0.0, 0.0, 0.0, 0.0, 0.0, 0.0, 0.0, 0.0031180307269096375, -0.40328121185302734, -1.495351791381836, -0.02556031569838524, 236.0
1112621, 0.003864121623337269, -0.40075990557670593, -1.49762761592865, 0.013576515950262547, 0.0111998300999403, -0.02920558862388134, 0.0, 0.0, 0.0, 0.0, 0.0, 0.0, 0.0, 0.002641446888446808, -0.4026055335998535, -1.4948387145996094, -0.024917321279644966, 236.0
1112641, 0.0038189240731298923, -0.4006980359554291, -1.4976732730865479, 0.01330530270934105, 0.01110747642815113, -0.02972143329679966, 0.0, 0.0, 0.0, 0.0, 0.0, 0.0, 0.0, 0.0021705925464630127, -0.40333032608032227, -1.495016098022461, -0.023426709696650505, 236.0
1112661, 0.003834077622741461, -0.4007715880870819, -1.4976857900619507, 0.013411584310233593, 0.010938256978988647, -0.029907777905464172, 0.0, 0.0, 0.0, 0.0, 0.0, 0.0, 0.0, 0.003346092998981476, -0.4034428596496582, -1.4955177307128906, -0.024659007787704468, 236.0
1112681, 0.003841230645775795, -0.4007037878036499, -1.497768521308899, 0.013660372234880924, 0.011223315261304379, -0.03031831607222557, 0.0, 0.0, 0.0, 0.0, 0.0, 0.0, 0.0, 0.0030086562037467957, -0.40247631072998047, -1.4949588775634766, -0.023607393726706505, 233.0
1112701, 0.0038966997526586056, -0.40074244141578674, -1.4977662563323975, 0.014087353833019733, 0.010814334265887737, -0.03083791211247444, 0.0, 0.0, 0.0, 0.0, 0.0, 0.0, 0.0, 0.0032506175339221954, -0.40315771102905273, -1.4953861236572266, -0.023526053875684738, 233.0
1112721, 0.003930273000150919, -0.40071138739585876, -1.4978731870651245, 0.014464783482253551, 0.01063626166433096, -0.03131495788693428, 0.0, 0.0, 0.0, 0.0, 0.0, 0.0, 0.0, 0.0021454989910125732, -0.4030313491821289, -1.494913101196289, -0.025144560262560844, 233.0
1112741, 0.0039195772260427475, -0.40074360370635986, -1.4978348016738892, 0.014442026615142822, 0.01040568482130766, -0.031014900654554367, 0.0, 0.0, 0.0, 0.0, 0.0, 0.0, 0.0, 0.0023231469094753265, -0.4029350280761719, -1.4948139190673828, -0.02576185204088688, 233.0
1112761, 0.003945799078792334, -0.40080323815345764, -1.4978320598602295, 0.01490057073533535, 0.009963331744074821, -0.031285155564546585, 0.0, 0.0, 0.0, 0.0, 0.0, 0.0, 0.0, 0.002869192510843277, -0.4030914306640625, -1.4950332641601562, -0.02543042227625847, 233.0
1112781, 0.00396023690700531, -0.4007689654827118, -1.4979124069213867, 0.015011871233582497, 0.01012681145220995, -0.031513992697000504, 0.0, 0.0, 0.0, 0.0, 0.0, 0.0, 0.0, 6.27860426902771e-05, -0.4021134376525879, -1.4934406280517578, -0.02586892619729042, 240.0
1112801, 0.003983111120760441, -0.40079888701438904, -1.497911810874939, 0.01526579074561596, 0.010357444174587727, -0.03137625381350517, 0.0, 0.0, 0.0, 0.0, 0.0, 0.0, 0.0, 0.003331754356622696, -0.40287208557128906, -1.4950447082519531, -0.02633158676326275, 240.0
1112821, 0.004019063897430897, -0.40084218978881836, -1.497878074645996, 0.015389903448522091, 0.01081421971321106, -0.03100883774459362, 0.0, 0.0, 0.0, 0.0, 0.0, 0.0, 0.0, 0.002331811934709549, -0.4030289649963379, -1.4948272705078125, -0.0325448140501976, 240.0
1112842, 0.003988940268754959, -0.4007469713687897, -1.497894525527954, 0.015106439590454102, 0.0111263208091259, -0.031198453158140182, 0.0, 0.0, 0.0, 0.0, 0.0, 0.0, 0.0, 0.002127707004547119, -0.4024319648742676, -1.4945697784423828, -0.03224623575806618, 240.0
1112861, 0.004056856036186218, -0.4008132815361023, -1.4979485273361206, 0.015099676325917244, 0.01083004754036665, -0.0315205417573452, 0.0, 0.0, 0.0, 0.0, 0.0, 0.0, 0.0, 0.003990888595581055, -0.40310049057006836, -1.4955520629882812, -0.031608324497938156, 240.0
1112881, 0.004036092199385166, -0.40073853731155396, -1.4979548454284668, 0.015223263762891293, 0.010757041163742542, -0.03162955120205879, 0.0, 0.0, 0.0, 0.0, 0.0, 0.0, 0.0, 0.0024411752820014954, -0.40267276763916016, -1.494791030883789, -0.03122965432703495, 240.0
1112901, 0.004081401042640209, -0.40075987577438354, -1.4980189800262451, 0.0155614810064435, 0.010653662495315075, -0.0323304682970047, 0.0, 0.0, 0.0, 0.0, 0.0, 0.0, 0.0, 0.0012385006994009018, -0.4023866653442383, -1.494424819946289, -0.030945707112550735, 240.0
1112921, 0.0040877084247767925, -0.40074193477630615, -1.4980459213256836, 0.015279224142432213, 0.01102024968713522, -0.032691292464733124, 0.0, 0.0, 0.0, 0.0, 0.0, 0.0, 0.0, 0.0026702024042606354, -0.4028196334838867, -1.4948463439941406, -0.030246688053011894, 240.0
1112942, 0.004016747698187828, -0.40085092186927795, -1.4978811740875244, 0.014971951954066753, 0.010902239009737968, -0.03174905106425285, 0.0, 0.0, 0.0, 0.0, 0.0, 0.0, 0.0, 0.002488810569047928, -0.4030742645263672, -1.4951629638671875, -0.03125184029340744, 240.0
1112961, 0.004005060065537691, -0.4008639454841614, -1.4978241920471191, 0.015089336782693863, 0.011170437559485435, -0.030940880998969078, 0.0, 0.0, 0.0, 0.0, 0.0, 0.0, 0.0, 0.002377394586801529, -0.40273618698120117, -1.4947071075439453, -0.030853236094117165, 240.0
1112981, 0.00400580232962966, -0.4008074104785919, -1.4978777170181274, 0.015183232724666595, 0.011071179062128067, -0.030671769753098488, 0.0, 0.0, 0.0, 0.0, 0.0, 0.0, 0.0, 0.002201233059167862, -0.40294504165649414, -1.4947242736816406, -0.030034255236387253, 237.0
1113001, 0.004043301101773977, -0.400826096534729, -1.497857928276062, 0.015016019344329834, 0.011101293377578259, -0.030421225354075432, 0.0, 0.0, 0.0, 0.0, 0.0, 0.0, 0.0, 0.0032176412642002106, -0.40281200408935547, -1.4951763153076172, -0.028963755816221237, 237.0
1113021, 0.0039097764529287815, -0.4008293151855469, -1.4976860284805298, 0.01429058238863945, 0.011194457300007343, -0.02971114218235016, 0.0, 0.0, 0.0, 0.0, 0.0, 0.0, 0.0, 0.0024178996682167053, -0.4027895927429199, -1.494832992553711, -0.027802331373095512, 237.0
1113042, 0.004018388222903013, -0.4007585644721985, -1.4977999925613403, 0.014558517374098301, 0.011458276771008968, -0.029987938702106476, 0.0, 0.0, 0.0, 0.0, 0.0, 0.0, 0.0, 0.0038924962282180786, -0.40294933319091797, -1.4954414367675781, -0.028434935957193375, 237.0
1113061, 0.0038872044533491135, -0.40078675746917725, -1.4976396560668945, 0.014127236790955067, 0.011385705322027206, -0.029123254120349884, 0.0, 0.0, 0.0, 0.0, 0.0, 0.0, 0.0, 0.0006216056644916534, -0.40251636505126953, -1.4940872192382812, -0.027988223358988762, 237.0
1113081, 0.003992919810116291, -0.4007740318775177, -1.4977874755859375, 0.014439774677157402, 0.011214904487133026, -0.029746994376182556, 0.0, 0.0, 0.0, 0.0, 0.0, 0.0, 0.0, 0.0021242909133434296, -0.4022555351257324, -1.4943065643310547, -0.027414901182055473, 238.0
1113101, 0.003965741489082575, -0.40078598260879517, -1.4976776838302612, 0.014274826273322105, 0.011190450750291348, -0.02915656380355358, 0.0, 0.0, 0.0, 0.0, 0.0, 0.0, 0.0, 0.0025531016290187836, -0.40308570861816406, -1.4948902130126953, -0.026086561381816864, 238.0
1113121, 0.004000477027148008, -0.40076500177383423, -1.497761607170105, 0.01454121246933937, 0.011083653196692467, -0.029734645038843155, 0.0, 0.0, 0.0, 0.0, 0.0, 0.0, 0.0, 0.001240413635969162, -0.40217018127441406, -1.493814468383789, -0.026287663727998734, 238.0
1113141, 0.0038859511259943247, -0.40076830983161926, -1.4976311922073364, 0.014267335645854473, 0.011000067926943302, -0.029252488166093826, 0.0, 0.0, 0.0, 0.0, 0.0, 0.0, 0.0, 0.00018386170268058777, -0.40213489532470703, -1.4935054779052734, -0.026232168078422546, 238.0
1113161, 0.0038908703718334436, -0.4008306860923767, -1.4975652694702148, 0.01435092929750681, 0.011284209787845612, -0.028741886839270592, 0.0, 0.0, 0.0, 0.0, 0.0, 0.0, 0.0, 0.0034303702414035797, -0.4030580520629883, -1.4953079223632812, -0.026062943041324615, 238.0
1113181, 0.003917803056538105, -0.4007517993450165, -1.4976035356521606, 0.014488572254776955, 0.011378023773431778, -0.029062937945127487, 0.0, 0.0, 0.0, 0.0, 0.0, 0.0, 0.0, 0.0008975788950920105, -0.4022951126098633, -1.4938697814941406, -0.02586723305284977, 235.0
1113201, 0.0038545140996575356, -0.4007749557495117, -1.4975155591964722, 0.014040009118616581, 0.011265458539128304, -0.02851119637489319, 0.0, 0.0, 0.0, 0.0, 0.0, 0.0, 0.0, 0.003094010055065155, -0.40300512313842773, -1.4952869415283203, -0.025893034413456917, 235.0
1113221, 0.003897453658282757, -0.4007221460342407, -1.4975826740264893, 0.014312896877527237, 0.011461559683084488, -0.029050644487142563, 0.0, 0.0, 0.0, 0.0, 0.0, 0.0, 0.0, 0.0011895578354597092, -0.40260791778564453, -1.4942207336425781, -0.025033272802829742, 235.0
1113241, 0.0039313486777246, -0.40077149868011475, -1.4975824356079102, 0.014285857789218426, 0.011671161279082298, -0.02948431856930256, 0.0, 0.0, 0.0, 0.0, 0.0, 0.0, 0.0, 0.0012175701558589935, -0.40260934829711914, -1.494211196899414, -0.024118874222040176, 235.0
1113261, 0.003842835547402501, -0.40079233050346375, -1.4974924325942993, 0.013905635103583336, 0.011612355709075928, -0.02957092598080635, 0.0, 0.0, 0.0, 0.0, 0.0, 0.0, 0.0, 0.0025438033044338226, -0.4026503562927246, -1.4947223663330078, -0.02376089245080948, 235.0
1113281, 0.003927046433091164, -0.4007382392883301, -1.4976379871368408, 0.013848763890564442, 0.011495581828057766, -0.030361859127879143, 0.0, 0.0, 0.0, 0.0, 0.0, 0.0, 0.0, 0.002944517880678177, -0.4032139778137207, -1.4952201843261719, -0.02304217591881752, 241.0
1113301, 0.00386082474142313, -0.4007590115070343, -1.4975855350494385, 0.01343517191708088, 0.01129842922091484, -0.030386127531528473, 0.0, 0.0, 0.0, 0.0, 0.0, 0.0, 0.0, 0.0029865801334381104, -0.40315723419189453, -1.4951133728027344, -0.02122318372130394, 241.0
1113321, 0.0039032793138176203, -0.4007033109664917, -1.4976917505264282, 0.013809600844979286, 0.011737717315554619, -0.03081476129591465, 0.0, 0.0, 0.0, 0.0, 0.0, 0.0, 0.0, 0.002671238034963608, -0.40299367904663086, -1.4951763153076172, -0.020078035071492195, 241.0
1113341, 0.003914135042577982, -0.40073007345199585, -1.497705340385437, 0.013638712465763092, 0.011373377405107021, -0.030966436490416527, 0.0, 0.0, 0.0, 0.0, 0.0, 0.0, 0.0, 0.000956658273935318, -0.4025545120239258, -1.4940738677978516, -0.020302344113588333, 241.0
1113361, 0.0038025882095098495, -0.4007450044155121, -1.4976091384887695, 0.013063869439065456, 0.011218318715691566, -0.030381467193365097, 0.0, 0.0, 0.0, 0.0, 0.0, 0.0, 0.0, 0.0024060197174549103, -0.40279197692871094, -1.4948863983154297, -0.01980511099100113, 241.0
1113382, 0.003936109133064747, -0.4007360637187958, -1.4978162050247192, 0.01346258819103241, 0.011175597086548805, -0.03141896426677704, 0.0, 0.0, 0.0, 0.0, 0.0, 0.0, 0.0, 0.002919290214776993, -0.40337419509887695, -1.4953117370605469, -0.02034531906247139, 235.0
1113401, 0.003877118695527315, -0.40075093507766724, -1.4977514743804932, 0.013161820359528065, 0.011329599656164646, -0.030541785061359406, 0.0, 0.0, 0.0, 0.0, 0.0, 0.0, 0.0, 0.0022205784916877747, -0.4029531478881836, -1.4948177337646484, -0.021701103076338768, 235.0
1113421, 0.003876290749758482, -0.4006706774234772, -1.4977964162826538, 0.013238069601356983, 0.011728333309292793, -0.031011752784252167, 0.0, 0.0, 0.0, 0.0, 0.0, 0.0, 0.0, 0.0033282339572906494, -0.4028301239013672, -1.494955062866211, -0.02159569039940834, 235.0
1113441, 0.00386806670576334, -0.400742769241333, -1.497798204421997, 0.013089383020997047, 0.011476381681859493, -0.031056607142090797, 0.0, 0.0, 0.0, 0.0, 0.0, 0.0, 0.0, 0.0012227743864059448, -0.4027895927429199, -1.4942874908447266, -0.019436048343777657, 235.0
1113461, 0.0037612689193338156, -0.40074485540390015, -1.4976933002471924, 0.012777845375239849, 0.011286502704024315, -0.030671056360006332, 0.0, 0.0, 0.0, 0.0, 0.0, 0.0, 0.0, 0.00017217546701431274, -0.40262413024902344, -1.49346923828125, -0.018445083871483803, 235.0
1113481, 0.0038200379349291325, -0.400697261095047, -1.4978209733963013, 0.013300187885761261, 0.0112827830016613, -0.03126554936170578, 0.0, 0.0, 0.0, 0.0, 0.0, 0.0, 0.0, 0.0007524527609348297, -0.4023599624633789, -1.4940414428710938, -0.02008170820772648, 240.0
1113501, 0.003814509604126215, -0.40072503685951233, -1.4978336095809937, 0.01322963461279869, 0.01105598732829094, -0.03153460472822189, 0.0, 0.0, 0.0, 0.0, 0.0, 0.0, 0.0, 0.001104690134525299, -0.40261316299438477, -1.4939823150634766, -0.021179720759391785, 240.0
1113521, 0.0037474408745765686, -0.4007265865802765, -1.4977223873138428, 0.013171498663723469, 0.011213735677301884, -0.03085804544389248, 0.0, 0.0, 0.0, 0.0, 0.0, 0.0, 0.0, 0.0026917047798633575, -0.4030423164367676, -1.4950752258300781, -0.02114162966609001, 240.0
1113542, 0.0038635944947600365, -0.40073418617248535, -1.4979093074798584, 0.01350773498415947, 0.011411654762923717, -0.03200428932905197, 0.0, 0.0, 0.0, 0.0, 0.0, 0.0, 0.0, 0.0008249282836914062, -0.4020218849182129, -1.4936408996582031, -0.02131498046219349, 240.0
1113561, 0.003845884930342436, -0.40076717734336853, -1.497870922088623, 0.013222692534327507, 0.011444770731031895, -0.03168709576129913, 0.0, 0.0, 0.0, 0.0, 0.0, 0.0, 0.0, 0.0021846331655979156, -0.40288352966308594, -1.4948997497558594, -0.02039923332631588, 240.0
1113581, 0.003946252632886171, -0.40071558952331543, -1.4979841709136963, 0.01359711866825819, 0.011243415996432304, -0.0319630466401577, 0.0, 0.0, 0.0, 0.0, 0.0, 0.0, 0.0, 0.002573348581790924, -0.40256309509277344, -1.4947528839111328, -0.019543329253792763, 236.0
1113601, 0.0038136523216962814, -0.40075814723968506, -1.4978446960449219, 0.012895334511995316, 0.010878704488277435, -0.031000005081295967, 0.0, 0.0, 0.0, 0.0, 0.0, 0.0, 0.0, 0.0013671033084392548, -0.4030623435974121, -1.4947166442871094, -0.018176143988966942, 236.0
1113621, 0.0037964298389852047, -0.40078794956207275, -1.4977589845657349, 0.01289144717156887, 0.010788439773023129, -0.030278872698545456, 0.0, 0.0, 0.0, 0.0, 0.0, 0.0, 0.0, 0.003106534481048584, -0.4027848243713379, -1.4950122833251953, -0.017448790371418, 236.0
1113642, 0.0038630033377557993, -0.40079018473625183, -1.4978851079940796, 0.01330502238124609, 0.010702227242290974, -0.030493607744574547, 0.0, 0.0, 0.0, 0.0, 0.0, 0.0, 0.0, 0.0025546401739120483, -0.40329933166503906, -1.4950790405273438, -0.015588386915624142, 236.0
1113661, 0.0038444390520453453, -0.4008140563964844, -1.4977983236312866, 0.013332923874258995, 0.010847878642380238, -0.029793307185173035, 0.0, 0.0, 0.0, 0.0, 0.0, 0.0, 0.0, 0.0002737008035182953, -0.40204334259033203, -1.493661880493164, -0.015668679028749466, 236.0
1113681, 0.003858064068481326, -0.40077313780784607, -1.4978328943252563, 0.013249767944216728, 0.010877559892833233, -0.03003566339612007, 0.0, 0.0, 0.0, 0.0, 0.0, 0.0, 0.0, 0.0026331208646297455, -0.40283775329589844, -1.49462890625, -0.014991387724876404, 241.0
1113701, 0.0038694797549396753, -0.40081140398979187, -1.4977885484695435, 0.013302706182003021, 0.010720247402787209, -0.029673831537365913, 0.0, 0.0, 0.0, 0.0, 0.0, 0.0, 0.0, 0.002756725996732712, -0.4031367301940918, -1.4950580596923828, -0.01229724008589983, 241.0
1113721, 0.003825874999165535, -0.4007340371608734, -1.4977282285690308, 0.013646702282130718, 0.011154831387102604, -0.02937396615743637, 0.0, 0.0, 0.0, 0.0, 0.0, 0.0, 0.0, 0.00010992959141731262, -0.40223217010498047, -1.4934673309326172, -0.011664262041449547, 241.0
1113741, 0.0038777687586843967, -0.4007684886455536, -1.4977140426635742, 0.013752983883023262, 0.011433818377554417, -0.029224859550595284, 0.0, 0.0, 0.0, 0.0, 0.0, 0.0, 0.0, 0.003413483500480652, -0.40317869186401367, -1.4954395294189453, -0.010470055043697357, 241.0
1113761, 0.0038562663830816746, -0.40069580078125, -1.4977045059204102, 0.013821433298289776, 0.011699727736413479, -0.028888877481222153, 0.0, 0.0, 0.0, 0.0, 0.0, 0.0, 0.0, 0.0026524104177951813, -0.40293025970458984, -1.494873046875, -0.0106405820697546, 241.0
1113781, 0.0039065005257725716, -0.4007618725299835, -1.4977034330368042, 0.014136193320155144, 0.011378886178135872, -0.029203755781054497, 0.0, 0.0, 0.0, 0.0, 0.0, 0.0, 0.0, 0.003043863922357559, -0.40277862548828125, -1.4951343536376953, -0.010947823524475098, 240.0
1113801, 0.003872150555253029, -0.40078821778297424, -1.497644066810608, 0.014299403876066208, 0.01136468630284071, -0.029103323817253113, 0.0, 0.0, 0.0, 0.0, 0.0, 0.0, 0.0, 0.002476464956998825, -0.40271902084350586, -1.4948310852050781, -0.010740495286881924, 240.0
1113821, 0.0039652562700212, -0.40074604749679565, -1.4977452754974365, 0.014535619877278805, 0.011594180017709732, -0.029344888404011726, 0.0, 0.0, 0.0, 0.0, 0.0, 0.0, 0.0, 0.0024030357599258423, -0.4029698371887207, -1.4948387145996094, -0.011021728627383709, 240.0
1113841, 0.003934706561267376, -0.40077459812164307, -1.4976720809936523, 0.014136350713670254, 0.011545206420123577, -0.02926214598119259, 0.0, 0.0, 0.0, 0.0, 0.0, 0.0, 0.0, 0.00265682116150856, -0.4032726287841797, -1.4950733184814453, -0.01677713356912136, 240.0
1113861, 0.003912476357072592, -0.40079814195632935, -1.4976069927215576, 0.013879942707717419, 0.010998876765370369, -0.029028795659542084, 0.0, 0.0, 0.0, 0.0, 0.0, 0.0, 0.0, -0.00012872740626335144, -0.4025454521179199, -1.4931774139404297, -0.016889143735170364, 240.0
1113881, 0.003870914690196514, -0.40072664618492126, -1.4976248741149902, 0.013680958189070225, 0.011046105995774269, -0.02908632531762123, 0.0, 0.0, 0.0, 0.0, 0.0, 0.0, 0.0, 0.0021497122943401337, -0.40287256240844727, -1.494903564453125, -0.01638861931860447, 238.0
1113901, 0.003929265309125185, -0.40079742670059204, -1.497641682624817, 0.013725743629038334, 0.010738959535956383, -0.029389720410108566, 0.0, 0.0, 0.0, 0.0, 0.0, 0.0, 0.0, 0.0035089924931526184, -0.4033513069152832, -1.4954185485839844, -0.01568475179374218, 238.0
1113921, 0.003954481333494186, -0.4007607698440552, -1.497720718383789, 0.013769357465207577, 0.010809244588017464, -0.02996244840323925, 0.0, 0.0, 0.0, 0.0, 0.0, 0.0, 0.0, 0.0024136267602443695, -0.4029693603515625, -1.494781494140625, -0.014759126119315624, 238.0
1113941, 0.003914727829396725, -0.40076130628585815, -1.4976606369018555, 0.013880613259971142, 0.010701785795390606, -0.029970897361636162, 0.0, 0.0, 0.0, 0.0, 0.0, 0.0, 0.0, 0.002501443028450012, -0.40265464782714844, -1.4949264526367188, -0.015383834950625896, 238.0
1113961, 0.0038905288092792034, -0.4008088707923889, -1.497651219367981, 0.013755383901298046, 0.010532115586102009, -0.030109718441963196, 0.0, 0.0, 0.0, 0.0, 0.0, 0.0, 0.0, 0.0027614980936050415, -0.4033317565917969, -1.4951839447021484, -0.013821795582771301, 238.0
1113982, 0.003926153760403395, -0.40078219771385193, -1.497724175453186, 0.014073815196752548, 0.010496213100850582, -0.030333731323480606, 0.0, 0.0, 0.0, 0.0, 0.0, 0.0, 0.0, 0.001018136739730835, -0.4025459289550781, -1.4934501647949219, -0.014088770374655724, 239.0
1114001, 0.0039208512753248215, -0.4008021354675293, -1.4977089166641235, 0.014264344237744808, 0.010571337305009365, -0.030247220769524574, 0.0, 0.0, 0.0, 0.0, 0.0, 0.0, 0.0, 0.002649948000907898, -0.4028348922729492, -1.4951515197753906, -0.014227019622921944, 239.0
1114021, 0.00397901376709342, -0.4008048176765442, -1.4978394508361816, 0.014538019895553589, 0.0105134267359972, -0.030797040089964867, 0.0, 0.0, 0.0, 0.0, 0.0, 0.0, 0.0, 0.002884708344936371, -0.40296030044555664, -1.49481201171875, -0.014856305904686451, 239.0
1114041, 0.003943177405744791, -0.40078893303871155, -1.4977556467056274, 0.014582162722945213, 0.010566463693976402, -0.030486078932881355, 0.0, 0.0, 0.0, 0.0, 0.0, 0.0, 0.0, 0.0023455917835235596, -0.402376651763916, -1.4946537017822266, -0.014980016276240349, 239.0
1114061, 0.003993694670498371, -0.4008289873600006, -1.4978418350219727, 0.014642447233200073, 0.010316905565559864, -0.03066742606461048, 0.0, 0.0, 0.0, 0.0, 0.0, 0.0, 0.0, 0.0027574636042118073, -0.40332460403442383, -1.495157241821289, -0.01470034010708332, 239.0
1114082, 0.004027064889669418, -0.4007250666618347, -1.4979239702224731, 0.014836600981652737, 0.010471179150044918, -0.031073810532689095, 0.0, 0.0, 0.0, 0.0, 0.0, 0.0, 0.0, 0.002399805933237076, -0.4028129577636719, -1.4947452545166016, -0.013924429193139076, 241.0
1114101, 0.004045309964567423, -0.4007692039012909, -1.4978944063186646, 0.014763917773962021, 0.010766575112938881, -0.03084293194115162, 0.0, 0.0, 0.0, 0.0, 0.0, 0.0, 0.0, 0.00325959175825119, -0.40337610244750977, -1.4957027435302734, -0.013912532478570938, 241.0
1114121, 0.004048135597258806, -0.40072545409202576, -1.4979709386825562, 0.014737761579453945, 0.010984977707266808, -0.030744992196559906, 0.0, 0.0, 0.0, 0.0, 0.0, 0.0, 0.0, 0.0023773089051246643, -0.40311527252197266, -1.4949417114257812, -0.012530287727713585, 241.0
1114141, 0.004130573011934757, -0.4007404148578644, -1.4980212450027466, 0.014720132574439049, 0.010587460361421108, -0.03076022118330002, 0.0, 0.0, 0.0, 0.0, 0.0, 0.0, 0.0, 0.0032636821269989014, -0.4030323028564453, -1.4951553344726562, -0.012693480588495731, 241.0
1114161, 0.004079834092408419, -0.40078800916671753, -1.4979168176651, 0.014785118401050568, 0.010325928218662739, -0.0301753468811512, 0.0, 0.0, 0.0, 0.0, 0.0, 0.0, 0.0, 0.0025039315223693848, -0.4027242660522461, -1.4948196411132812, -0.01322938408702612, 241.0
1114182, 0.004126235842704773, -0.4007512331008911, -1.4979666471481323, 0.01501795556396246, 0.010303438641130924, -0.030166560783982277, 0.0, 0.0, 0.0, 0.0, 0.0, 0.0, 0.0, 0.0022526048123836517, -0.40313243865966797, -1.4947128295898438, -0.011728174053132534, 240.0
1114201, 0.004081618506461382, -0.40079402923583984, -1.4978660345077515, 0.014698881655931473, 0.009884350933134556, -0.02941031940281391, 0.0, 0.0, 0.0, 0.0, 0.0, 0.0, 0.0, 0.003029990941286087, -0.4029221534729004, -1.4950065612792969, -0.010966381058096886, 240.0
1114221, 0.004067015368491411, -0.40085214376449585, -1.4977608919143677, 0.014515623450279236, 0.009588899090886116, -0.029052166268229485, 0.0, 0.0, 0.0, 0.0, 0.0, 0.0, 0.0, 0.0008321255445480347, -0.4021568298339844, -1.4936256408691406, -0.010668626986443996, 240.0
1114241, 0.004049139097332954, -0.4008103311061859, -1.4977868795394897, 0.014534909278154373, 0.009639072231948376, -0.029176026582717896, 0.0, 0.0, 0.0, 0.0, 0.0, 0.0, 0.0, 0.0025324299931526184, -0.403165340423584, -1.4949054718017578, -0.01012274157255888, 240.0
1114261, 0.004058173391968012, -0.4008946120738983, -1.4977401494979858, 0.01440516673028469, 0.00901203416287899, -0.029105909168720245, 0.0, 0.0, 0.0, 0.0, 0.0, 0.0, 0.0, 0.002940576523542404, -0.40326404571533203, -1.4951610565185547, -0.009822029620409012, 240.0
1114281, 0.004077541176229715, -0.4008680284023285, -1.497800588607788, 0.014924806542694569, 0.00880524329841137, -0.029584376141428947, 0.0, 0.0, 0.0, 0.0, 0.0, 0.0, 0.0, 0.002957325428724289, -0.4027070999145508, -1.4947357177734375, -0.008907514624297619, 236.0
1114301, 0.004092795308679342, -0.40092360973358154, -1.4977487325668335, 0.015210934914648533, 0.008354322984814644, -0.029739977791905403, 0.0, 0.0, 0.0, 0.0, 0.0, 0.0, 0.0, 0.0030567869544029236, -0.40289926528930664, -1.4949970245361328, -0.009478862397372723, 236.0
1114321, 0.004141020588576794, -0.40092092752456665, -1.4978324174880981, 0.015584960579872131, 0.008335520513355732, -0.030452808365225792, 0.0, 0.0, 0.0, 0.0, 0.0, 0.0, 0.0, 0.0005134902894496918, -0.40187644958496094, -1.493459701538086, -0.007063879165798426, 236.0
1114341, 0.004164237529039383, -0.4009586572647095, -1.4977985620498657, 0.015411794185638428, 0.008439711295068264, -0.03013380989432335, 0.0, 0.0, 0.0, 0.0, 0.0, 0.0, 0.0, 0.0025042258203029633, -0.40300989151000977, -1.4949073791503906, -0.008475253358483315, 236.0
1114361, 0.004096814431250095, -0.400979220867157, -1.497706413269043, 0.014916445128619671, 0.00860474444925785, -0.029855811968445778, 0.0, 0.0, 0.0, 0.0, 0.0, 0.0, 0.0, 0.0019161887466907501, -0.4031386375427246, -1.4947261810302734, -0.009553738869726658, 236.0
1114381, 0.004174893256276846, -0.40097662806510925, -1.4978549480438232, 0.015288569033145905, 0.008470057509839535, -0.030917679890990257, 0.0, 0.0, 0.0, 0.0, 0.0, 0.0, 0.0, 0.002578180283308029, -0.40314435958862305, -1.4950981140136719, -0.008588284254074097, 238.0
1114401, 0.004151048604398966, -0.4010155498981476, -1.4978326559066772, 0.014930102042853832, 0.008676225319504738, -0.03083103336393833, 0.0, 0.0, 0.0, 0.0, 0.0, 0.0, 0.0, 0.0023544728755950928, -0.40300846099853516, -1.4947223663330078, -0.013468533754348755, 238.0
1114421, 0.004211063031107187, -0.40098831057548523, -1.4979569911956787, 0.015104847960174084, 0.009052377194166183, -0.03163756802678108, 0.0, 0.0, 0.0, 0.0, 0.0, 0.0, 0.0, 0.0018693357706069946, -0.40292978286743164, -1.4946975708007812, -0.014065062627196312, 238.0
1114441, 0.004155632108449936, -0.4010104238986969, -1.4979019165039062, 0.014955789782106876, 0.00920090638101101, -0.031467586755752563, 0.0, 0.0, 0.0, 0.0, 0.0, 0.0, 0.0, -0.00022963806986808777, -0.40274810791015625, -1.493143081665039, -0.0141166215762496, 238.0
1114461, 0.0041412594728171825, -0.4010142683982849, -1.4978454113006592, 0.015084126964211464, 0.009348951280117035, -0.030740173533558846, 0.0, 0.0, 0.0, 0.0, 0.0, 0.0, 0.0, 0.002493947744369507, -0.40284109115600586, -1.4948177337646484, -0.015113706700503826, 238.0
1114481, 0.004193427506834269, -0.4009777307510376, -1.497977375984192, 0.015289018861949444, 0.009323818609118462, -0.03128700330853462, 0.0, 0.0, 0.0, 0.0, 0.0, 0.0, 0.0, 0.0024564675986766815, -0.40274524688720703, -1.4947147369384766, -0.014179452322423458, 236.0
1114501, 0.004182250238955021, -0.4009801149368286, -1.4979370832443237, 0.01521175168454647, 0.009115012362599373, -0.03134777769446373, 0.0, 0.0, 0.0, 0.0, 0.0, 0.0, 0.0, 0.0006329640746116638, -0.4021577835083008, -1.4934215545654297, -0.020265113562345505, 236.0
1114521, 0.004239280708134174, -0.40096405148506165, -1.4980641603469849, 0.015666615217924118, 0.009278676472604275, -0.03194798529148102, 0.0, 0.0, 0.0, 0.0, 0.0, 0.0, 0.0, 0.00232488289475441, -0.40308046340942383, -1.4947662353515625, -0.020448949187994003, 236.0
1114541, 0.0042022899724543095, -0.40098097920417786, -1.4980276823043823, 0.015350697562098503, 0.009402493946254253, -0.031654857099056244, 0.0, 0.0, 0.0, 0.0, 0.0, 0.0, 0.0, 0.002307567745447159, -0.4028635025024414, -1.494720458984375, -0.019703995436429977, 236.0
1114561, 0.0041831727139651775, -0.40099191665649414, -1.4979808330535889, 0.01508211251348257, 0.009632766246795654, -0.031740739941596985, 0.0, 0.0, 0.0, 0.0, 0.0, 0.0, 0.0, 0.0020819827914237976, -0.4029374122619629, -1.4947147369384766, -0.019421562552452087, 236.0
1114582, 0.004259428940713406, -0.4009318947792053, -1.4981143474578857, 0.015315026976168156, 0.009920946322381496, -0.03245166689157486, 0.0, 0.0, 0.0, 0.0, 0.0, 0.0, 0.0, 0.0024569258093833923, -0.4026174545288086, -1.4947319030761719, -0.017220035195350647, 241.0
1114601, 0.004219812341034412, -0.40094971656799316, -1.4981262683868408, 0.015083503909409046, 0.010047614574432373, -0.032771509140729904, 0.0, 0.0, 0.0, 0.0, 0.0, 0.0, 0.0, 0.0021122395992279053, -0.4032130241394043, -1.4948272705078125, -0.024958090856671333, 241.0
1114621, 0.004156653769314289, -0.4009841978549957, -1.4979702234268188, 0.014815205708146095, 0.010116791352629662, -0.0321706086397171, 0.0, 0.0, 0.0, 0.0, 0.0, 0.0, 0.0, 0.0023933574557304382, -0.4026169776916504, -1.4946956634521484, -0.02595001831650734, 241.0
1114641, 0.004078950732946396, -0.4009602963924408, -1.4979106187820435, 0.014480963349342346, 0.010102357715368271, -0.031368549913167953, 0.0, 0.0, 0.0, 0.0, 0.0, 0.0, 0.0, 0.0025081373751163483, -0.40253686904907227, -1.4945716857910156, -0.023118846118450165, 241.0
1114661, 0.004089894238859415, -0.40098559856414795, -1.4979286193847656, 0.014393174089491367, 0.010258253663778305, -0.030995192006230354, 0.0, 0.0, 0.0, 0.0, 0.0, 0.0, 0.0, 0.003332819789648056, -0.40313148498535156, -1.4951725006103516, -0.02274339832365513, 241.0
1114682, 0.004152187146246433, -0.400929719209671, -1.4980199337005615, 0.014243514277040958, 0.010426453314721584, -0.031108107417821884, 0.0, 0.0, 0.0, 0.0, 0.0, 0.0, 0.0, 0.00257888063788414, -0.4026346206665039, -1.4948272705078125, -0.022827118635177612, 239.0
1114701, 0.004120424389839172, -0.4009406864643097, -1.4979437589645386, 0.013860099948942661, 0.010577603243291378, -0.03041372075676918, 0.0, 0.0, 0.0, 0.0, 0.0, 0.0, 0.0, 0.0022002682089805603, -0.403109073638916, -1.4947757720947266, -0.022412331774830818, 239.0
1114721, 0.004166459199041128, -0.40086227655410767, -1.4980543851852417, 0.013917740434408188, 0.010541041381657124, -0.030889982357621193, 0.0, 0.0, 0.0, 0.0, 0.0, 0.0, 0.0, 0.0023214295506477356, -0.4025859832763672, -1.4947261810302734, -0.028321154415607452, 239.0
1114741, 0.004134088754653931, -0.400896281003952, -1.4979623556137085, 0.013950720429420471, 0.010394513607025146, -0.03041142225265503, 0.0, 0.0, 0.0, 0.0, 0.0, 0.0, 0.0, 0.002300076186656952, -0.4027681350708008, -1.494659423828125, -0.02967798337340355, 239.0
1114761, 0.004072016570717096, -0.40090852975845337, -1.4978705644607544, 0.013610754162073135, 0.010417919605970383, -0.029377121478319168, 0.0, 0.0, 0.0, 0.0, 0.0, 0.0, 0.0, 0.002125997096300125, -0.4025745391845703, -1.49462890625, -0.029349064454436302, 239.0
1114781, 0.00407711137086153, -0.40089645981788635, -1.497916579246521, 0.013566878624260426, 0.010363646782934666, -0.02928708679974079, 0.0, 0.0, 0.0, 0.0, 0.0, 0.0, 0.0, 0.0021903738379478455, -0.40302515029907227, -1.4947147369384766, -0.029618604108691216, 240.0
1114801, 0.004069163929671049, -0.4008979797363281, -1.4978083372116089, 0.013971637934446335, 0.010369346477091312, -0.02851293236017227, 0.0, 0.0, 0.0, 0.0, 0.0, 0.0, 0.0, 0.002694506198167801, -0.4027671813964844, -1.4948463439941406, -0.027578210458159447, 240.0
1114821, 0.004098703619092703, -0.40087974071502686, -1.4978501796722412, 0.01379953883588314, 0.010369488969445229, -0.028935275971889496, 0.0, 0.0, 0.0, 0.0, 0.0, 0.0, 0.0, 0.0024250224232673645, -0.4028000831604004, -1.4948444366455078, -0.027352090924978256, 240.0
1114841, 0.00405689375475049, -0.4008968770503998, -1.497751235961914, 0.013648712076246738, 0.010243560187518597, -0.028808072209358215, 0.0, 0.0, 0.0, 0.0, 0.0, 0.0, 0.0, 0.002466391772031784, -0.40248775482177734, -1.4946269989013672, -0.02761976607143879, 240.0
1114861, 0.00409086886793375, -0.4008774161338806, -1.497820258140564, 0.013611070811748505, 0.010168088600039482, -0.028961511328816414, 0.0, 0.0, 0.0, 0.0, 0.0, 0.0, 0.0, 0.00270090252161026, -0.40262317657470703, -1.4947090148925781, -0.027454523369669914, 240.0
1114881, 0.004030466079711914, -0.40090084075927734, -1.4977152347564697, 0.013175326399505138, 0.01036780048161745, -0.02857060916721821, 0.0, 0.0, 0.0, 0.0, 0.0, 0.0, 0.0, 0.00226413831114769, -0.4026365280151367, -1.49468994140625, -0.02680170349776745, 233.0
1114901, 0.003995138220489025, -0.4009140133857727, -1.4976476430892944, 0.012860216200351715, 0.010238125920295715, -0.028387969359755516, 0.0, 0.0, 0.0, 0.0, 0.0, 0.0, 0.0, 0.002517879009246826, -0.4026942253112793, -1.4946765899658203, -0.027026796713471413, 233.0
1114921, 0.003932117484509945, -0.400873064994812, -1.4976603984832764, 0.012704603374004364, 0.00999713595956564, -0.028491709381341934, 0.0, 0.0, 0.0, 0.0, 0.0, 0.0, 0.0, 0.0018227174878120422, -0.40279722213745117, -1.4947128295898438, -0.025653943419456482, 233.0
1114941, 0.003966574557125568, -0.4009163975715637, -1.4976422786712646, 0.01302665937691927, 0.00992499478161335, -0.029217999428510666, 0.0, 0.0, 0.0, 0.0, 0.0, 0.0, 0.0, 0.0034427009522914886, -0.4029574394226074, -1.4950447082519531, -0.025039995089173317, 233.0
1114961, 0.003921260591596365, -0.40094220638275146, -1.497596263885498, 0.012968919239938259, 0.00988010037690401, -0.02899504266679287, 0.0, 0.0, 0.0, 0.0, 0.0, 0.0, 0.0, 0.00226588174700737, -0.4025883674621582, -1.4946842193603516, -0.02611069194972515, 233.0
1114981, 0.003969013690948486, -0.40089935064315796, -1.497693657875061, 0.013392213732004166, 0.010004205629229546, -0.029362741857767105, 0.0, 0.0, 0.0, 0.0, 0.0, 0.0, 0.0, 0.002425551414489746, -0.4025750160217285, -1.4947032928466797, -0.026854854077100754, 238.0
1115001, 0.003948024474084377, -0.4009075462818146, -1.4976643323898315, 0.013370225206017494, 0.01009763777256012, -0.029289036989212036, 0.0, 0.0, 0.0, 0.0, 0.0, 0.0, 0.0, 0.002441510558128357, -0.4027070999145508, -1.4946098327636719, -0.02696366235613823, 238.0
1115021, 0.003981857560575008, -0.40087947249412537, -1.4977772235870361, 0.01368347741663456, 0.010616980493068695, -0.029898062348365784, 0.0, 0.0, 0.0, 0.0, 0.0, 0.0, 0.0, 0.002056218683719635, -0.40272998809814453, -1.4945716857910156, -0.027196407318115234, 238.0
1115041, 0.003965581301599741, -0.4008834958076477, -1.497734785079956, 0.013849918730556965, 0.010721209459006786, -0.029885733500123024, 0.0, 0.0, 0.0, 0.0, 0.0, 0.0, 0.0, 0.0024980902671813965, -0.4028439521789551, -1.494802474975586, -0.027542298659682274, 238.0
1115061, 0.0040168617852032185, -0.4008449912071228, -1.4978837966918945, 0.013568095862865448, 0.010710518807172775, -0.031264472752809525, 0.0, 0.0, 0.0, 0.0, 0.0, 0.0, 0.0, 0.001972455531358719, -0.4030885696411133, -1.4947261810302734, -0.02964630350470543, 238.0
1115081, 0.003983151167631149, -0.40085670351982117, -1.4978374242782593, 0.013096289709210396, 0.010782218538224697, -0.03149567171931267, 0.0, 0.0, 0.0, 0.0, 0.0, 0.0, 0.0, 0.002124972641468048, -0.4030289649963379, -1.494638442993164, -0.03114635869860649, 240.0
1115101, 0.003960437141358852, -0.40088653564453125, -1.4978331327438354, 0.012797875329852104, 0.010539052076637745, -0.03129495680332184, 0.0, 0.0, 0.0, 0.0, 0.0, 0.0, 0.0, 0.002707846462726593, -0.40268754959106445, -1.4947052001953125, -0.030287615954875946, 240.0
1115121, 0.003977465443313122, -0.4008209705352783, -1.4979698657989502, 0.013003540225327015, 0.010882847011089325, -0.03196743130683899, 0.0, 0.0, 0.0, 0.0, 0.0, 0.0, 0.0, -0.0001490078866481781, -0.4019932746887207, -1.4935188293457031, -0.02969232201576233, 240.0
1115141, 0.003962259739637375, -0.4008428752422333, -1.4979426860809326, 0.013084765523672104, 0.011096166446805, -0.03206343576312065, 0.0, 0.0, 0.0, 0.0, 0.0, 0.0, 0.0, 0.002421874552965164, -0.4030928611755371, -1.4948692321777344, -0.029821140691637993, 240.0
1115161, 0.004013766534626484, -0.40079206228256226, -1.498089075088501, 0.013295214623212814, 0.011182882823050022, -0.03260441869497299, 0.0, 0.0, 0.0, 0.0, 0.0, 0.0, 0.0, 0.00204366073012352, -0.4029831886291504, -1.4947147369384766, -0.028834255412220955, 240.0
1115182, 0.0040190862491726875, -0.4007611870765686, -1.498128056526184, 0.013716889545321465, 0.011350593529641628, -0.032571397721767426, 0.0, 0.0, 0.0, 0.0, 0.0, 0.0, 0.0, 0.0025416016578674316, -0.4027070999145508, -1.4946556091308594, -0.028604203835129738, 236.0
1115201, 0.003970992285758257, -0.40080195665359497, -1.498051643371582, 0.013319765217602253, 0.011268552392721176, -0.03175169602036476, 0.0, 0.0, 0.0, 0.0, 0.0, 0.0, 0.0, 0.0018741115927696228, -0.4027090072631836, -1.4946842193603516, -0.03028036467730999, 236.0
1115222, 0.004044395871460438, -0.4007406234741211, -1.498175024986267, 0.01369229331612587, 0.011690285988152027, -0.03233182430267334, 0.0, 0.0, 0.0, 0.0, 0.0, 0.0, 0.0, 0.0026948563754558563, -0.4025397300720215, -1.4947643280029297, -0.02959958091378212, 236.0
1115241, 0.004030911717563868, -0.4007420837879181, -1.4981608390808105, 0.0136386314406991, 0.011654532514512539, -0.03228512406349182, 0.0, 0.0, 0.0, 0.0, 0.0, 0.0, 0.0, 0.002382371574640274, -0.4026808738708496, -1.4946575164794922, -0.03019358590245247, 236.0
1115261, 0.004007027484476566, -0.40075963735580444, -1.4980591535568237, 0.013269837945699692, 0.011256838217377663, -0.03155278041958809, 0.0, 0.0, 0.0, 0.0, 0.0, 0.0, 0.0, 0.002315729856491089, -0.4025259017944336, -1.4946918487548828, -0.030454928055405617, 236.0
1115281, 0.004045420791953802, -0.40071287751197815, -1.4981640577316284, 0.013213125988841057, 0.011017897166311741, -0.03175505995750427, 0.0, 0.0, 0.0, 0.0, 0.0, 0.0, 0.0, 0.0021205320954322815, -0.4028491973876953, -1.4946975708007812, -0.030757520347833633, 236.0
1115301, 0.004036268685013056, -0.4007292091846466, -1.4981164932250977, 0.012728014960885048, 0.010661674663424492, -0.031158261001110077, 0.0, 0.0, 0.0, 0.0, 0.0, 0.0, 0.0, 0.002547856420278549, -0.4027538299560547, -1.4946765899658203, -0.030774982646107674, 236.0
1115321, 0.004039593506604433, -0.40071845054626465, -1.4981906414031982, 0.012733446434140205, 0.010444740764796734, -0.03102499060332775, 0.0, 0.0, 0.0, 0.0, 0.0, 0.0, 0.0, 0.0019269660115242004, -0.4028439521789551, -1.4946975708007812, -0.029820704832673073, 236.0
1115341, 0.004004487302154303, -0.40074557065963745, -1.4980785846710205, 0.01250078622251749, 0.010518940165638924, -0.030626889318227768, 0.0, 0.0, 0.0, 0.0, 0.0, 0.0, 0.0, 0.002026449888944626, -0.4028658866882324, -1.4947509765625, -0.029364071786403656, 236.0
1115361, 0.003936453722417355, -0.40079888701438904, -1.497969627380371, 0.01207495667040348, 0.01038016751408577, -0.030032090842723846, 0.0, 0.0, 0.0, 0.0, 0.0, 0.0, 0.0, 0.002160698175430298, -0.40280961990356445, -1.4946613311767578, -0.028932252898812294, 236.0
1115382, 0.003977169748395681, -0.40075936913490295, -1.4980392456054688, 0.012554635293781757, 0.010527548380196095, -0.0302285123616457, 0.0, 0.0, 0.0, 0.0, 0.0, 0.0, 0.0, 0.002221081405878067, -0.4028806686401367, -1.4947528839111328, -0.026591729372739792, 237.0
1115401, 0.0039487178437411785, -0.4007859230041504, -1.4979413747787476, 0.012313731014728546, 0.010354410856962204, -0.02991042658686638, 0.0, 0.0, 0.0, 0.0, 0.0, 0.0, 0.0, 0.002754800021648407, -0.4028000831604004, -1.4946575164794922, -0.02572493813931942, 237.0
1115421, 0.003960398491472006, -0.40077340602874756, -1.4980056285858154, 0.012182376347482204, 0.010441807098686695, -0.030287448316812515, 0.0, 0.0, 0.0, 0.0, 0.0, 0.0, 0.0, 0.001976940780878067, -0.4029107093811035, -1.4946956634521484, -0.02694535441696644, 237.0
1115441, 0.003924916964024305, -0.4007922112941742, -1.497915267944336, 0.012250295840203762, 0.010361609980463982, -0.030161656439304352, 0.0, 0.0, 0.0, 0.0, 0.0, 0.0, 0.0, 0.0023932307958602905, -0.4026951789855957, -1.4946479797363281, -0.025045985355973244, 237.0
1115461, 0.0038271425291895866, -0.40087902545928955, -1.4977158308029175, 0.01184865739196539, 0.009986484423279762, -0.02920255996286869, 0.0, 0.0, 0.0, 0.0, 0.0, 0.0, 0.0, 0.002416517585515976, -0.40273475646972656, -1.4947566986083984, -0.023613855242729187, 237.0
1115481, 0.0038980261888355017, -0.4008232057094574, -1.4979153871536255, 0.011860884726047516, 0.009957658126950264, -0.0297083742916584, 0.0, 0.0, 0.0, 0.0, 0.0, 0.0, 0.0, 0.0026251226663589478, -0.4028358459472656, -1.49481201171875, -0.021583832800388336, 237.0
1115501, 0.0038685821928083897, -0.4008575975894928, -1.4978479146957397, 0.011787304654717445, 0.009830497205257416, -0.029444009065628052, 0.0, 0.0, 0.0, 0.0, 0.0, 0.0, 0.0, 0.0025270842015743256, -0.40274715423583984, -1.4946479797363281, -0.021473508328199387, 237.0
1115521, 0.0038980061654001474, -0.4008297622203827, -1.4979324340820312, 0.012080117128789425, 0.009626760147511959, -0.029979314655065536, 0.0, 0.0, 0.0, 0.0, 0.0, 0.0, 0.0, 0.0025763921439647675, -0.4025888442993164, -1.4946861267089844, -0.021081026643514633, 237.0
1115541, 0.003874097252264619, -0.40086695551872253, -1.497863531112671, 0.011907101608812809, 0.00938367284834385, -0.029473984614014626, 0.0, 0.0, 0.0, 0.0, 0.0, 0.0, 0.0, 0.0025122128427028656, -0.40277719497680664, -1.4947452545166016, -0.02199823036789894, 237.0
1115561, 0.003808447625488043, -0.40092411637306213, -1.497678518295288, 0.01165985967963934, 0.009285783395171165, -0.028785929083824158, 0.0, 0.0, 0.0, 0.0, 0.0, 0.0, 0.0, 0.0023986585438251495, -0.40271759033203125, -1.4948368072509766, -0.022304560989141464, 237.0
1115581, 0.0038527653086930513, -0.40088456869125366, -1.4978972673416138, 0.012056858278810978, 0.009467212483286858, -0.02961200289428234, 0.0, 0.0, 0.0, 0.0, 0.0, 0.0, 0.0, 0.0019606612622737885, -0.4030265808105469, -1.4947013854980469, -0.021100148558616638, 241.0
1115601, 0.0038648878689855337, -0.40090179443359375, -1.497855305671692, 0.012060314416885376, 0.009563099592924118, -0.029681095853447914, 0.0, 0.0, 0.0, 0.0, 0.0, 0.0, 0.0, 0.0023801177740097046, -0.40296173095703125, -1.4947338104248047, -0.0221991166472435, 241.0
1115621, 0.0038771198596805334, -0.40087035298347473, -1.4979547262191772, 0.012231225147843361, 0.009932857006788254, -0.03027825802564621, 0.0, 0.0, 0.0, 0.0, 0.0, 0.0, 0.0, 0.002091187983751297, -0.4029841423034668, -1.4947128295898438, -0.022160600870847702, 241.0
1115641, 0.003872813656926155, -0.40089014172554016, -1.4979097843170166, 0.01222913060337305, 0.009999601170420647, -0.030368153005838394, 0.0, 0.0, 0.0, 0.0, 0.0, 0.0, 0.0, 0.002414129674434662, -0.40259218215942383, -1.4946479797363281, -0.02016768977046013, 241.0
1115661, 0.0038091125898063183, -0.40093743801116943, -1.4977271556854248, 0.012052281759679317, 0.010123970918357372, -0.02964610420167446, 0.0, 0.0, 0.0, 0.0, 0.0, 0.0, 0.0, 0.0023569948971271515, -0.40288591384887695, -1.4946517944335938, -0.02206013724207878, 241.0
1115681, 0.003907332196831703, -0.4008679687976837, -1.4979887008666992, 0.012494208291172981, 0.01003494206815958, -0.030961723998188972, 0.0, 0.0, 0.0, 0.0, 0.0, 0.0, 0.0, 0.002252195030450821, -0.40276336669921875, -1.4947357177734375, -0.027582019567489624, 235.0
1115701, 0.003866471815854311, -0.4008854031562805, -1.497954249382019, 0.01211259514093399, 0.009909705258905888, -0.030893968418240547, 0.0, 0.0, 0.0, 0.0, 0.0, 0.0, 0.0, 0.0020952820777893066, -0.40309810638427734, -1.4947242736816406, -0.027942653745412827, 235.0
1115722, 0.003902781056240201, -0.4008520245552063, -1.4980709552764893, 0.012181330472230911, 0.010087177157402039, -0.031319864094257355, 0.0, 0.0, 0.0, 0.0, 0.0, 0.0, 0.0, 0.002230588346719742, -0.40291690826416016, -1.49481201171875, -0.029055720195174217, 235.0
1115741, 0.003883710829541087, -0.4008646011352539, -1.4980159997940063, 0.011950264684855938, 0.010424683801829815, -0.03087320737540722, 0.0, 0.0, 0.0, 0.0, 0.0, 0.0, 0.0, 0.0021107830107212067, -0.40285444259643555, -1.4946365356445312, -0.028754234313964844, 235.0
1115761, 0.0038727200590074062, -0.400858998298645, -1.498002052307129, 0.011862002313137054, 0.010566823184490204, -0.030760129913687706, 0.0, 0.0, 0.0, 0.0, 0.0, 0.0, 0.0, 0.0019754059612751007, -0.40291547775268555, -1.4946842193603516, -0.027520792558789253, 235.0
1115781, 0.0037869196385145187, -0.4009143114089966, -1.4977995157241821, 0.011457582004368305, 0.010478810407221317, -0.02989140711724758, 0.0, 0.0, 0.0, 0.0, 0.0, 0.0, 0.0, 0.002427235245704651, -0.4027533531188965, -1.4947776794433594, -0.027666360139846802, 240.0
1115801, 0.0037542248610407114, -0.4009411633014679, -1.497738242149353, 0.011512192897498608, 0.00994833093136549, -0.02960282191634178, 0.0, 0.0, 0.0, 0.0, 0.0, 0.0, 0.0, 0.0023908205330371857, -0.40274763107299805, -1.494720458984375, -0.02649286575615406, 240.0
1115822, 0.0037984191440045834, -0.40089985728263855, -1.4978779554367065, 0.011758431792259216, 0.009589842520654202, -0.030556585639715195, 0.0, 0.0, 0.0, 0.0, 0.0, 0.0, 0.0, 0.0019811391830444336, -0.40273571014404297, -1.4948158264160156, -0.027054330334067345, 240.0
1115841, 0.0037839615251868963, -0.40092483162879944, -1.497836947441101, 0.011812889017164707, 0.009104132652282715, -0.030054647475481033, 0.0, 0.0, 0.0, 0.0, 0.0, 0.0, 0.0, 0.002471011132001877, -0.40265321731567383, -1.494729995727539, -0.026775404810905457, 240.0
1115861, 0.0037293964996933937, -0.4009661376476288, -1.4977494478225708, 0.011969264596700668, 0.009088058955967426, -0.029282422736287117, 0.0, 0.0, 0.0, 0.0, 0.0, 0.0, 0.0, 0.0020218901336193085, -0.40264129638671875, -1.494659423828125, -0.026995766907930374, 240.0
1115881, 0.0038277956191450357, -0.40092697739601135, -1.4978656768798828, 0.012381828390061855, 0.009206862188875675, -0.02917235903441906, 0.0, 0.0, 0.0, 0.0, 0.0, 0.0, 0.0, 0.0020562559366226196, -0.4029216766357422, -1.4946918487548828, -0.027006272226572037, 237.0
1115901, 0.0037897462025284767, -0.4009537398815155, -1.4977598190307617, 0.011745329014956951, 0.009109183214604855, -0.02861928381025791, 0.0, 0.0, 0.0, 0.0, 0.0, 0.0, 0.0, 0.0023395195603370667, -0.4028496742248535, -1.4946823120117188, -0.03275201469659805, 237.0
1115921, 0.0038081323727965355, -0.4009455442428589, -1.4978197813034058, 0.011733992956578732, 0.008955043740570545, -0.029085805639624596, 0.0, 0.0, 0.0, 0.0, 0.0, 0.0, 0.0, 0.002247728407382965, -0.40268850326538086, -1.4946784973144531, -0.0333460196852684, 237.0
1115941, 0.003774590790271759, -0.4009852707386017, -1.4977138042449951, 0.011614551767706871, 0.008922195993363857, -0.02842741273343563, 0.0, 0.0, 0.0, 0.0, 0.0, 0.0, 0.0, 0.0019517168402671814, -0.4028902053833008, -1.4946937561035156, -0.033285707235336304, 237.0
1115961, 0.003820883110165596, -0.4009712338447571, -1.4977819919586182, 0.011844017542898655, 0.00895377341657877, -0.02895449660718441, 0.0, 0.0, 0.0, 0.0, 0.0, 0.0, 0.0, 0.002564944326877594, -0.40279722213745117, -1.4947891235351562, -0.03212639316916466, 237.0
1115981, 0.0037858604919165373, -0.4009917080402374, -1.497693657875061, 0.0116905327886343, 0.00930799264460802, -0.028508787974715233, 0.0, 0.0, 0.0, 0.0, 0.0, 0.0, 0.0, 0.002060491591691971, -0.4029045104980469, -1.4946346282958984, -0.03276146575808525, 238.0
1116001, 0.0037630279548466206, -0.4010047912597656, -1.4976164102554321, 0.011303883977234364, 0.009392510168254375, -0.028136780485510826, 0.0, 0.0, 0.0, 0.0, 0.0, 0.0, 0.0, 0.0023448020219802856, -0.40267181396484375, -1.494791030883789, -0.03220406547188759, 238.0
1116021, 0.003788573434576392, -0.40097689628601074, -1.4976900815963745, 0.011298757046461105, 0.009547824040055275, -0.028648674488067627, 0.0, 0.0, 0.0, 0.0, 0.0, 0.0, 0.0, 0.0023733526468276978, -0.40279388427734375, -1.4946823120117188, -0.030986903235316277, 238.0
1116041, 0.0037592286244034767, -0.401001513004303, -1.4976317882537842, 0.011240093968808651, 0.009861056692898273, -0.028821168467402458, 0.0, 0.0, 0.0, 0.0, 0.0, 0.0, 0.0, 0.0020699426531791687, -0.4030919075012207, -1.4946765899658203, -0.02929159812629223, 238.0
1116061, 0.003783982014283538, -0.4009644389152527, -1.4977186918258667, 0.011311236768960953, 0.009741506539285183, -0.029396820813417435, 0.0, 0.0, 0.0, 0.0, 0.0, 0.0, 0.0, 0.0023814737796783447, -0.40279197692871094, -1.4947891235351562, -0.02908707968890667, 238.0
1116081, 0.0037354957312345505, -0.4009845554828644, -1.4976707696914673, 0.011333600617945194, 0.009652744978666306, -0.0295255146920681, 0.0, 0.0, 0.0, 0.0, 0.0, 0.0, 0.0, 0.0018234215676784515, -0.4029426574707031, -1.494680404663086, -0.028602546080946922, 241.0
1116101, 0.003715026890859008, -0.4010184407234192, -1.4976328611373901, 0.01121449749916792, 0.00938924215734005, -0.029573265463113785, 0.0, 0.0, 0.0, 0.0, 0.0, 0.0, 0.0, 0.002517949789762497, -0.4030909538269043, -1.4948558807373047, -0.028503285720944405, 241.0
1116121, 0.0037469607777893543, -0.4009774327278137, -1.497734546661377, 0.011388721875846386, 0.009465277194976807, -0.02950233779847622, 0.0, 0.0, 0.0, 0.0, 0.0, 0.0, 0.0, 0.002101462334394455, -0.40283203125, -1.4948043823242188, -0.028432901948690414, 241.0
1116141, 0.003743304405361414, -0.4009939432144165, -1.497700810432434, 0.011764668859541416, 0.009427501820027828, -0.029377806931734085, 0.0, 0.0, 0.0, 0.0, 0.0, 0.0, 0.0, 0.002563849091529846, -0.4027857780456543, -1.4946575164794922, -0.027048081159591675, 241.0
1116161, 0.003775839926674962, -0.4009879529476166, -1.4977924823760986, 0.012046031653881073, 0.009162559174001217, -0.029561582952737808, 0.0, 0.0, 0.0, 0.0, 0.0, 0.0, 0.0, 0.002121899276971817, -0.40274667739868164, -1.494710922241211, -0.026888353750109673, 241.0
1116181, 0.0037624945398420095, -0.40098968148231506, -1.497740387916565, 0.011752823367714882, 0.009096495807170868, -0.029374143108725548, 0.0, 0.0, 0.0, 0.0, 0.0, 0.0, 0.0, 0.002652149647474289, -0.4026303291320801, -1.4946250915527344, -0.027583634480834007, 238.0
1116201, 0.0037568481639027596, -0.40102124214172363, -1.4976974725723267, 0.011677957139909267, 0.009131965227425098, -0.029218725860118866, 0.0, 0.0, 0.0, 0.0, 0.0, 0.0, 0.0, 0.0025452449917793274, -0.4028148651123047, -1.4947242736816406, -0.027221744880080223, 238.0
1116222, 0.0037806727923452854, -0.400978147983551, -1.4977911710739136, 0.011769259348511696, 0.009283670224249363, -0.029653092846274376, 0.0, 0.0, 0.0, 0.0, 0.0, 0.0, 0.0, 0.0023430325090885162, -0.4026942253112793, -1.4946918487548828, -0.027784738689661026, 238.0
1116241, 0.0037833284586668015, -0.4009941816329956, -1.4977601766586304, 0.011765219271183014, 0.009361667558550835, -0.029737520962953568, 0.0, 0.0, 0.0, 0.0, 0.0, 0.0, 0.0, 0.002486955374479294, -0.4028935432434082, -1.4947853088378906, -0.027067501097917557, 238.0
1116261, 0.003818485653027892, -0.4009707272052765, -1.4978668689727783, 0.01183397974818945, 0.009181794710457325, -0.03045753948390484, 0.0, 0.0, 0.0, 0.0, 0.0, 0.0, 0.0, 0.002150021493434906, -0.4030470848083496, -1.4947528839111328, -0.02756471000611782, 238.0
1116281, 0.00379474856890738, -0.4009900987148285, -1.497828722000122, 0.0111527219414711, 0.009397529996931553, -0.030389146879315376, 0.0, 0.0, 0.0, 0.0, 0.0, 0.0, 0.0, 0.002219025045633316, -0.4028658866882324, -1.4946441650390625, -0.026195792481303215, 239.0
1116301, 0.0037697770167142153, -0.4010009467601776, -1.4978190660476685, 0.0107457609847188, 0.00943926814943552, -0.03033476509153843, 0.0, 0.0, 0.0, 0.0, 0.0, 0.0, 0.0, 0.0023922622203826904, -0.402740478515625, -1.4946346282958984, -0.02618516981601715, 239.0
1116321, 0.003770433599129319, -0.40097224712371826, -1.4979177713394165, 0.01100655272603035, 0.009639585390686989, -0.03079204447567463, 0.0, 0.0, 0.0, 0.0, 0.0, 0.0, 0.0, 0.0025678910315036774, -0.40289735794067383, -1.494802474975586, -0.026431120932102203, 239.0
1116341, 0.0037377076223492622, -0.40098920464515686, -1.497901439666748, 0.010941918008029461, 0.009783754125237465, -0.0305627454072237, 0.0, 0.0, 0.0, 0.0, 0.0, 0.0, 0.0, 0.00268559530377388, -0.4028587341308594, -1.4947986602783203, -0.025663986802101135, 239.0
1116361, 0.0037630286533385515, -0.40094324946403503, -1.4980117082595825, 0.010486513376235962, 0.009871290065348148, -0.03098882921040058, 0.0, 0.0, 0.0, 0.0, 0.0, 0.0, 0.0, 0.002457786351442337, -0.40287017822265625, -1.4947242736816406, -0.024483202025294304, 239.0
1116381, 0.003741719527170062, -0.40095055103302, -1.497937560081482, 0.010166984051465988, 0.009772531688213348, -0.030572814866900444, 0.0, 0.0, 0.0, 0.0, 0.0, 0.0, 0.0, 0.0024338550865650177, -0.4026637077331543, -1.4946918487548828, -0.026469260454177856, 238.0
1116401, 0.0036782119423151016, -0.4009762108325958, -1.497879981994629, 0.01014290563762188, 0.009199374355375767, -0.029930755496025085, 0.0, 0.0, 0.0, 0.0, 0.0, 0.0, 0.0, 0.0020689964294433594, -0.40294837951660156, -1.4947242736816406, -0.027731144800782204, 238.0
1116422, 0.0037023229524493217, -0.40095055103302, -1.4979701042175293, 0.01020251028239727, 0.009272038005292416, -0.029988452792167664, 0.0, 0.0, 0.0, 0.0, 0.0, 0.0, 0.0, 0.0020303875207901, -0.40292978286743164, -1.4946479797363281, -0.027220819145441055, 238.0
1116441, 0.0036447413731366396, -0.40098705887794495, -1.4978737831115723, 0.00983121246099472, 0.009143685922026634, -0.029358336701989174, 0.0, 0.0, 0.0, 0.0, 0.0, 0.0, 0.0, 0.002049364149570465, -0.40284299850463867, -1.4947471618652344, -0.026630625128746033, 238.0
1116461, 0.0036686027888208628, -0.400942325592041, -1.497997760772705, 0.01003896165639162, 0.009298796765506268, -0.029948091134428978, 0.0, 0.0, 0.0, 0.0, 0.0, 0.0, 0.0, 0.002254057675600052, -0.4028511047363281, -1.4947013854980469, -0.025026176124811172, 238.0
1116481, 0.003643981646746397, -0.4009617567062378, -1.4978969097137451, 0.009918530471622944, 0.009371167048811913, -0.029667826369404793, 0.0, 0.0, 0.0, 0.0, 0.0, 0.0, 0.0, 0.002264510840177536, -0.40274524688720703, -1.494680404663086, -0.023719554767012596, 234.0
1116501, 0.0036091182846575975, -0.40099838376045227, -1.4978060722351074, 0.009955096058547497, 0.009358778595924377, -0.029471218585968018, 0.0, 0.0, 0.0, 0.0, 0.0, 0.0, 0.0, 0.002093188464641571, -0.4030032157897949, -1.494741439819336, -0.02304055355489254, 234.0
1116521, 0.0036563968751579523, -0.400956392288208, -1.4979082345962524, 0.010214852169156075, 0.00915951281785965, -0.029863497242331505, 0.0, 0.0, 0.0, 0.0, 0.0, 0.0, 0.0, 0.002693828195333481, -0.4026494026184082, -1.4947948455810547, -0.02383991703391075, 234.0
1116541, 0.0036016383673995733, -0.4009997546672821, -1.497800350189209, 0.01048340741544962, 0.008937106467783451, -0.029078448191285133, 0.0, 0.0, 0.0, 0.0, 0.0, 0.0, 0.0, 0.002117045223712921, -0.40303468704223633, -1.4946918487548828, -0.024183975532650948, 234.0
1116561, 0.0036320113576948643, -0.4009854793548584, -1.4978901147842407, 0.010678167454898357, 0.009155547246336937, -0.029599808156490326, 0.0, 0.0, 0.0, 0.0, 0.0, 0.0, 0.0, 0.0023046880960464478, -0.4029502868652344, -1.4948158264160156, -0.02328641712665558, 234.0
1116581, 0.003633212996646762, -0.40100210905075073, -1.4977984428405762, 0.010653804056346416, 0.008872376754879951, -0.02942510135471821, 0.0, 0.0, 0.0, 0.0, 0.0, 0.0, 0.0, 0.0022683702409267426, -0.40285778045654297, -1.4946022033691406, -0.02340984158217907, 240.0
1116601, 0.003679446177557111, -0.400992214679718, -1.4978941679000854, 0.01071815937757492, 0.008862298913300037, -0.030029134824872017, 0.0, 0.0, 0.0, 0.0, 0.0, 0.0, 0.0, 0.0022619664669036865, -0.4030179977416992, -1.4947547912597656, -0.02220403030514717, 240.0
1116621, 0.0036358588840812445, -0.4010130763053894, -1.4978067874908447, 0.010719913989305496, 0.009025221690535545, -0.029588822275400162, 0.0, 0.0, 0.0, 0.0, 0.0, 0.0, 0.0, 0.0024101287126541138, -0.4024848937988281, -1.4946212768554688, -0.0233605969697237, 240.0
1116641, 0.0036278748884797096, -0.40102440118789673, -1.4977234601974487, 0.010646975599229336, 0.008851445280015469, -0.029252726584672928, 0.0, 0.0, 0.0, 0.0, 0.0, 0.0, 0.0, 0.002194330096244812, -0.4029550552368164, -1.4946784973144531, -0.02209530584514141, 240.0
1116661, 0.0036717047914862633, -0.4010140597820282, -1.4978477954864502, 0.011078502051532269, 0.008563373237848282, -0.030142880976200104, 0.0, 0.0, 0.0, 0.0, 0.0, 0.0, 0.0, 0.002063862979412079, -0.4031486511230469, -1.4947433471679688, -0.022156916558742523, 240.0
1116681, 0.0036452068015933037, -0.4010513722896576, -1.4977688789367676, 0.011170146986842155, 0.008014630526304245, -0.029869407415390015, 0.0, 0.0, 0.0, 0.0, 0.0, 0.0, 0.0, 0.0018466003239154816, -0.4029388427734375, -1.494649887084961, -0.02079957351088524, 236.0
1116701, 0.0036944218445569277, -0.40103983879089355, -1.4978920221328735, 0.011362643912434578, 0.008023551665246487, -0.03069579228758812, 0.0, 0.0, 0.0, 0.0, 0.0, 0.0, 0.0, 0.0017363503575325012, -0.4029412269592285, -1.4947261810302734, -0.020028723403811455, 236.0
1116721, 0.003677358152344823, -0.4010826349258423, -1.4978502988815308, 0.011444957926869392, 0.007668128702789545, -0.030975330621004105, 0.0, 0.0, 0.0, 0.0, 0.0, 0.0, 0.0, 0.0022288747131824493, -0.4027285575866699, -1.494760513305664, -0.018493354320526123, 236.0
1116741, 0.0036555614788085222, -0.4011232256889343, -1.4978201389312744, 0.011432413943111897, 0.007729486562311649, -0.03127382695674896, 0.0, 0.0, 0.0, 0.0, 0.0, 0.0, 0.0, 0.0020532123744487762, -0.4028749465942383, -1.494710922241211, -0.0184183306992054, 236.0
1116761, 0.0037315194495022297, -0.4010840654373169, -1.4979526996612549, 0.012084299698472023, 0.008133520372211933, -0.03169188275933266, 0.0, 0.0, 0.0, 0.0, 0.0, 0.0, 0.0, 0.0025014542043209076, -0.402768611907959, -1.49468994140625, -0.018289292231202126, 236.0
1116781, 0.0036999487783759832, -0.40112707018852234, -1.497916340827942, 0.01169393677264452, 0.008421755395829678, -0.03166615962982178, 0.0, 0.0, 0.0, 0.0, 0.0, 0.0, 0.0, 0.0021506063640117645, -0.4028301239013672, -1.4947929382324219, -0.018415912985801697, 243.0
1116801, 0.0036842022091150284, -0.40112820267677307, -1.497886300086975, 0.01141004916280508, 0.008717098273336887, -0.031090496107935905, 0.0, 0.0, 0.0, 0.0, 0.0, 0.0, 0.0, 0.0022235624492168427, -0.4027104377746582, -1.4947662353515625, -0.017474833875894547, 243.0
1116821, 0.003738776780664921, -0.40108075737953186, -1.4980639219284058, 0.011264657601714134, 0.008804631419479847, -0.03183711692690849, 0.0, 0.0, 0.0, 0.0, 0.0, 0.0, 0.0, 0.00209740549325943, -0.4025249481201172, -1.4946002960205078, -0.018064815551042557, 243.0
1116841, 0.0037381250876933336, -0.4010713994503021, -1.498046636581421, 0.011255268007516861, 0.008930106647312641, -0.031595297157764435, 0.0, 0.0, 0.0, 0.0, 0.0, 0.0, 0.0, 0.002251148223876953, -0.4027838706970215, -1.4946460723876953, -0.01674763485789299, 243.0
1116862, 0.0037530530244112015, -0.40104544162750244, -1.4981633424758911, 0.011241934262216091, 0.009089875966310501, -0.03191818296909332, 0.0, 0.0, 0.0, 0.0, 0.0, 0.0, 0.0, 0.002268560230731964, -0.40294599533081055, -1.4946842193603516, -0.016176635399460793, 243.0
1116881, 0.0037373420782387257, -0.4010539948940277, -1.4981133937835693, 0.011476288549602032, 0.009018820710480213, -0.03168822452425957, 0.0, 0.0, 0.0, 0.0, 0.0, 0.0, 0.0, 0.002353675663471222, -0.40271568298339844, -1.4946517944335938, -0.01716364361345768, 239.0
1116901, 0.0037262006662786007, -0.40105393528938293, -1.4980334043502808, 0.01188996247947216, 0.009154031984508038, -0.0315883494913578, 0.0, 0.0, 0.0, 0.0, 0.0, 0.0, 0.0, 0.0020729079842567444, -0.4027090072631836, -1.4946403503417969, -0.016596078872680664, 239.0
1116921, 0.003754091216251254, -0.4010167717933655, -1.4981516599655151, 0.011857282370328903, 0.00945905689150095, -0.03187216445803642, 0.0, 0.0, 0.0, 0.0, 0.0, 0.0, 0.0, 0.0019141621887683868, -0.40297603607177734, -1.494729995727539, -0.017425717785954475, 239.0
1116941, 0.003772319993004203, -0.4010055363178253, -1.4981396198272705, 0.012126849964261055, 0.009416789747774601, -0.03158966079354286, 0.0, 0.0, 0.0, 0.0, 0.0, 0.0, 0.0, 0.0023459047079086304, -0.40255117416381836, -1.4948978424072266, -0.01723378524184227, 239.0
1116962, 0.0038245588075369596, -0.4009647071361542, -1.4982357025146484, 0.012277191504836082, 0.009229619987308979, -0.032185148447752, 0.0, 0.0, 0.0, 0.0, 0.0, 0.0, 0.0, 0.002020806074142456, -0.4027590751647949, -1.4947128295898438, -0.017485497519373894, 239.0
1116981, 0.003791987430304289, -0.40099775791168213, -1.4981544017791748, 0.01224660873413086, 0.009066079743206501, -0.03178788349032402, 0.0, 0.0, 0.0, 0.0, 0.0, 0.0, 0.0, 0.0022267475724220276, -0.4029536247253418, -1.4947090148925781, -0.017052700743079185, 239.0
1117001, 0.0038071253802627325, -0.4009852111339569, -1.4981175661087036, 0.012636127881705761, 0.009282538667321205, -0.03134595602750778, 0.0, 0.0, 0.0, 0.0, 0.0, 0.0, 0.0, 0.0021035484969615936, -0.4028434753417969, -1.4947280883789062, -0.017443813383579254, 239.0
1117021, 0.0037434955593198538, -0.40104085206985474, -1.4979406595230103, 0.01222136802971363, 0.009328336454927921, -0.0304657481610775, 0.0, 0.0, 0.0, 0.0, 0.0, 0.0, 0.0, 0.0022409819066524506, -0.4028010368347168, -1.4946651458740234, -0.01644882932305336, 239.0
1117041, 0.0037209533620625734, -0.4010617434978485, -1.4978505373001099, 0.011864102445542812, 0.008984177373349667, -0.02981751039624214, 0.0, 0.0, 0.0, 0.0, 0.0, 0.0, 0.0, 0.002039596438407898, -0.40274906158447266, -1.4945621490478516, -0.015517373569309711, 239.0
1117062, 0.003757794387638569, -0.4010203182697296, -1.497921347618103, 0.012032545171678066, 0.008901660330593586, -0.030055677518248558, 0.0, 0.0, 0.0, 0.0, 0.0, 0.0, 0.0, 0.002528022974729538, -0.4024629592895508, -1.4946155548095703, -0.015592137351632118, 239.0
1117081, 0.0037296770606189966, -0.40105360746383667, -1.4978182315826416, 0.011612139642238617, 0.00865858793258667, -0.029493827372789383, 0.0, 0.0, 0.0, 0.0, 0.0, 0.0, 0.0, 0.0025737322866916656, -0.40281200408935547, -1.4946765899658203, -0.016651509329676628, 234.0
1117101, 0.0037500932812690735, -0.4010464549064636, -1.497883915901184, 0.011882173828780651, 0.008436516858637333, -0.029677344486117363, 0.0, 0.0, 0.0, 0.0, 0.0, 0.0, 0.0, 0.0020888932049274445, -0.40290069580078125, -1.4947280883789062, -0.0179367084056139, 234.0
1117121, 0.0037450215313583612, -0.40108656883239746, -1.4977961778640747, 0.011935001239180565, 0.00834293756633997, -0.02911989763379097, 0.0, 0.0, 0.0, 0.0, 0.0, 0.0, 0.0, 0.00242450088262558, -0.4028792381286621, -1.4947090148925781, -0.018188681453466415, 234.0
1117141, 0.0037878521252423525, -0.4010666310787201, -1.497870683670044, 0.011800910346210003, 0.00839188415557146, -0.029317473992705345, 0.0, 0.0, 0.0, 0.0, 0.0, 0.0, 0.0, 0.0023798868060112, -0.4026961326599121, -1.4947643280029297, -0.017838580533862114, 234.0
1117161, 0.0037430347874760628, -0.40108969807624817, -1.4977587461471558, 0.01140613667666912, 0.008559789508581161, -0.028795285150408745, 0.0, 0.0, 0.0, 0.0, 0.0, 0.0, 0.0, 0.0023684948682785034, -0.4028153419494629, -1.4947509765625, -0.01855281926691532, 234.0
1117181, 0.0037315383087843657, -0.4011138081550598, -1.4976767301559448, 0.011268013156950474, 0.008549670688807964, -0.028496909886598587, 0.0, 0.0, 0.0, 0.0, 0.0, 0.0, 0.0, 0.002343609929084778, -0.4029674530029297, -1.4948081970214844, -0.01938551478087902, 238.0
1117201, 0.0037318426184356213, -0.4011072814464569, -1.4977527856826782, 0.011102749034762383, 0.008801673538982868, -0.02893000841140747, 0.0, 0.0, 0.0, 0.0, 0.0, 0.0, 0.0, 0.0019565895199775696, -0.4030141830444336, -1.4946212768554688, -0.020207153633236885, 238.0
1117221, 0.003704020055010915, -0.40111637115478516, -1.4976882934570312, 0.010907384566962719, 0.008522885851562023, -0.028789155185222626, 0.0, 0.0, 0.0, 0.0, 0.0, 0.0, 0.0, 0.0025632455945014954, -0.402529239654541, -1.4946212768554688, -0.02128271572291851, 238.0
1117241, 0.003671763464808464, -0.4011531472206116, -1.4976248741149902, 0.010941349901258945, 0.008224081248044968, -0.028510402888059616, 0.0, 0.0, 0.0, 0.0, 0.0, 0.0, 0.0, 0.002188175916671753, -0.40291452407836914, -1.4946651458740234, -0.019283518195152283, 238.0
1117261, 0.0037185505498200655, -0.4011375308036804, -1.4977182149887085, 0.01123616099357605, 0.007949513383209705, -0.028978250920772552, 0.0, 0.0, 0.0, 0.0, 0.0, 0.0, 0.0, 0.0023751333355903625, -0.40283679962158203, -1.4946632385253906, -0.018477024510502815, 238.0
1117281, 0.003696564119309187, -0.40115272998809814, -1.4976744651794434, 0.011396420188248158, 0.007970912382006645, -0.029179008677601814, 0.0, 0.0, 0.0, 0.0, 0.0, 0.0, 0.0, 0.002486851066350937, -0.4027390480041504, -1.4947185516357422, -0.02053816430270672, 238.0
1117301, 0.0037363560404628515, -0.4011387228965759, -1.4977728128433228, 0.012000990100204945, 0.008216427639126778, -0.029693009331822395, 0.0, 0.0, 0.0, 0.0, 0.0, 0.0, 0.0, 0.002518933266401291, -0.402860164642334, -1.4947280883789062, -0.020163023844361305, 238.0
1117321, 0.0037160536739975214, -0.4011511206626892, -1.497730016708374, 0.01210951991379261, 0.008287581615149975, -0.029369551688432693, 0.0, 0.0, 0.0, 0.0, 0.0, 0.0, 0.0, 0.002178795635700226, -0.40271902084350586, -1.4947242736816406, -0.020363830029964447, 238.0
1117341, 0.003718694904819131, -0.4011496305465698, -1.497678518295288, 0.012263556942343712, 0.00849713571369648, -0.02902757190167904, 0.0, 0.0, 0.0, 0.0, 0.0, 0.0, 0.0, 0.0025021135807037354, -0.4027085304260254, -1.4947052001953125, -0.020399631932377815, 238.0
1117361, 0.0037710678298026323, -0.4011310338973999, -1.4977834224700928, 0.012370872311294079, 0.00854257307946682, -0.029622768983244896, 0.0, 0.0, 0.0, 0.0, 0.0, 0.0, 0.0, 0.0022154152393341064, -0.40302133560180664, -1.4947490692138672, -0.02189202420413494, 238.0
1117381, 0.003754914039745927, -0.4011342227458954, -1.4977461099624634, 0.012545529752969742, 0.00846601091325283, -0.029354149475693703, 0.0, 0.0, 0.0, 0.0, 0.0, 0.0, 0.0, 0.002098027616739273, -0.4027690887451172, -1.494710922241211, -0.021922364830970764, 239.0
1117401, 0.0037935941945761442, -0.4011043310165405, -1.4978395700454712, 0.01272713951766491, 0.008627709001302719, -0.029808050021529198, 0.0, 0.0, 0.0, 0.0, 0.0, 0.0, 0.0, 0.0024523772299289703, -0.4028453826904297, -1.4948444366455078, -0.02151687629520893, 239.0
1117421, 0.003797107608988881, -0.4011203348636627, -1.497799038887024, 0.012818980030715466, 0.00863981805741787, -0.029759764671325684, 0.0, 0.0, 0.0, 0.0, 0.0, 0.0, 0.0, 0.00254618376493454, -0.4027109146118164, -1.4947776794433594, -0.019982479512691498, 239.0
1117441, 0.0038065332919359207, -0.4011172652244568, -1.4977730512619019, 0.012864581309258938, 0.008654912933707237, -0.02972095087170601, 0.0, 0.0, 0.0, 0.0, 0.0, 0.0, 0.0, 0.002355232834815979, -0.40273571014404297, -1.4947586059570312, -0.020028285682201385, 239.0
1117462, 0.0038505708798766136, -0.4010971784591675, -1.497875690460205, 0.012975169345736504, 0.008790041320025921, -0.030144941061735153, 0.0, 0.0, 0.0, 0.0, 0.0, 0.0, 0.0, 0.002583686262369156, -0.4025750160217285, -1.4946403503417969, -0.01962413638830185, 239.0
1117481, 0.0037055115681141615, -0.401052862405777, -1.497700810432434, 0.012473917566239834, 0.008884577080607414, -0.029426468536257744, 0.0, 0.0, 0.0, 0.0, 0.0, 0.0, 0.0, 7.591769099235535e-05, -0.4021420478820801, -1.4934806823730469, -0.01928047649562359, 239.0
1117502, 0.003704778151586652, -0.4010104238986969, -1.4977506399154663, 0.01244437787681818, 0.009124057367444038, -0.029757678508758545, 0.0, 0.0, 0.0, 0.0, 0.0, 0.0, 0.0, 0.001601608470082283, -0.4027867317199707, -1.4943199157714844, -0.01876171864569187, 239.0
1117521, 0.003627368016168475, -0.40100938081741333, -1.4976632595062256, 0.012296721339225769, 0.008997378870844841, -0.029133619740605354, 0.0, 0.0, 0.0, 0.0, 0.0, 0.0, 0.0, 0.0015325751155614853, -0.40277671813964844, -1.4945106506347656, -0.017571769654750824, 239.0
1117541, 0.003634445834904909, -0.400983601808548, -1.4976062774658203, 0.01239599846303463, 0.009034096263349056, -0.028686441481113434, 0.0, 0.0, 0.0, 0.0, 0.0, 0.0, 0.0, 0.0022291336208581924, -0.40271949768066406, -1.4944915771484375, -0.016380375251173973, 239.0
1117562, 0.0036372956819832325, -0.400942862033844, -1.4976953268051147, 0.012562199495732784, 0.009061990305781364, -0.029030796140432358, 0.0, 0.0, 0.0, 0.0, 0.0, 0.0, 0.0, 0.0015224609524011612, -0.40291738510131836, -1.4945220947265625, -0.01553785428404808, 239.0
1117581, 0.003615686669945717, -0.400960236787796, -1.4975647926330566, 0.012488028965890408, 0.008916206657886505, -0.028300121426582336, 0.0, 0.0, 0.0, 0.0, 0.0, 0.0, 0.0, 0.0018920637667179108, -0.4027729034423828, -1.4944934844970703, -0.014972293749451637, 238.0
1117601, 0.0036192124243825674, -0.4009258449077606, -1.4976446628570557, 0.012817882932722569, 0.008656573481857777, -0.029125606641173363, 0.0, 0.0, 0.0, 0.0, 0.0, 0.0, 0.0, 0.001954037696123123, -0.40243959426879883, -1.4945011138916016, -0.014984897337853909, 238.0
1117621, 0.0035714295227080584, -0.4009458124637604, -1.4975284337997437, 0.012738564051687717, 0.008361602202057838, -0.028653517365455627, 0.0, 0.0, 0.0, 0.0, 0.0, 0.0, 0.0, 0.002021513879299164, -0.40276336669921875, -1.4945125579833984, -0.015805738046765327, 238.0
1117641, 0.003521999577060342, -0.40098369121551514, -1.4974380731582642, 0.01257091574370861, 0.008474994450807571, -0.028300931677222252, 0.0, 0.0, 0.0, 0.0, 0.0, 0.0, 0.0, 0.0017357617616653442, -0.40280723571777344, -1.494405746459961, -0.021070998162031174, 238.0
1117661, 0.0035533763002604246, -0.40095922350883484, -1.4974844455718994, 0.012703785672783852, 0.008586193434894085, -0.028648927807807922, 0.0, 0.0, 0.0, 0.0, 0.0, 0.0, 0.0, 0.001561364158987999, -0.40260839462280273, -1.4944019317626953, -0.020350493490695953, 238.0
1117681, 0.0035138006787747145, -0.4009734094142914, -1.4973872900009155, 0.012483115307986736, 0.008831722661852837, -0.02821909636259079, 0.0, 0.0, 0.0, 0.0, 0.0, 0.0, 0.0, 0.001654982566833496, -0.40265941619873047, -1.4943599700927734, -0.019725950434803963, 245.0
1117701, 0.003543692175298929, -0.4009322226047516, -1.497476577758789, 0.012584787793457508, 0.008910492062568665, -0.02857246808707714, 0.0, 0.0, 0.0, 0.0, 0.0, 0.0, 0.0, 0.0023127011954784393, -0.40242624282836914, -1.494436264038086, -0.01935696415603161, 245.0
1117721, 0.003506129840388894, -0.40095657110214233, -1.4973870515823364, 0.012540060095489025, 0.008715578354895115, -0.028369959443807602, 0.0, 0.0, 0.0, 0.0, 0.0, 0.0, 0.0, 0.001654135063290596, -0.4026365280151367, -1.4943733215332031, -0.019053665921092033, 245.0
1117741, 0.0034776381216943264, -0.40097346901893616, -1.4973117113113403, 0.012471999041736126, 0.008769969455897808, -0.027943847700953484, 0.0, 0.0, 0.0, 0.0, 0.0, 0.0, 0.0, 0.0016079824417829514, -0.4028439521789551, -1.4942817687988281, -0.018671276047825813, 245.0
1117761, 0.0035199667327106, -0.40094226598739624, -1.497396469116211, 0.012563139200210571, 0.008667631074786186, -0.028462819755077362, 0.0, 0.0, 0.0, 0.0, 0.0, 0.0, 0.0, 0.0017757192254066467, -0.402524471282959, -1.4943962097167969, -0.01812594197690487, 245.0
1117781, 0.003500657621771097, -0.40096423029899597, -1.4973268508911133, 0.012925992719829082, 0.008502298966050148, -0.028265323489904404, 0.0, 0.0, 0.0, 0.0, 0.0, 0.0, 0.0, 0.0015493053942918777, -0.4026951789855957, -1.4944572448730469, -0.01868150196969509, 237.0
1117801, 0.0035681866575032473, -0.4009135961532593, -1.497432827949524, 0.013018899597227573, 0.0088015366345644, -0.028917253017425537, 0.0, 0.0, 0.0, 0.0, 0.0, 0.0, 0.0, 0.0013897940516471863, -0.40277814865112305, -1.494485855102539, -0.019377632066607475, 237.0
1117821, 0.003486747620627284, -0.40096384286880493, -1.4973598718643188, 0.012424181215465069, 0.008463376201689243, -0.02855149656534195, 0.0, 0.0, 0.0, 0.0, 0.0, 0.0, 0.0, 0.0014531295746564865, -0.4029216766357422, -1.494466781616211, -0.019039373844861984, 237.0
1117841, 0.0034607849083840847, -0.40097832679748535, -1.4973232746124268, 0.012427136301994324, 0.008267027325928211, -0.02852845937013626, 0.0, 0.0, 0.0, 0.0, 0.0, 0.0, 0.0, 0.0017452314496040344, -0.40276002883911133, -1.494394302368164, -0.017954926937818527, 237.0
1117861, 0.0035120632965117693, -0.4009648859500885, -1.4974325895309448, 0.012684048153460026, 0.008128933608531952, -0.029275259003043175, 0.0, 0.0, 0.0, 0.0, 0.0, 0.0, 0.0, 0.0016120374202728271, -0.40265750885009766, -1.4942970275878906, -0.017760274931788445, 237.0
1117881, 0.003481394611299038, -0.40099120140075684, -1.4973827600479126, 0.012812423519790173, 0.008152300491929054, -0.028919359669089317, 0.0, 0.0, 0.0, 0.0, 0.0, 0.0, 0.0, 0.0022712256759405136, -0.4024229049682617, -1.4943180084228516, -0.01720282807946205, 243.0
1117901, 0.003561868332326412, -0.4009515345096588, -1.497514009475708, 0.013341613113880157, 0.008463045582175255, -0.030112722888588905, 0.0, 0.0, 0.0, 0.0, 0.0, 0.0, 0.0, 0.0020691286772489548, -0.4025459289550781, -1.494424819946289, -0.016709066927433014, 243.0
1117921, 0.0035318622831255198, -0.40098676085472107, -1.4974709749221802, 0.01341373659670353, 0.00809223111718893, -0.030321352183818817, 0.0, 0.0, 0.0, 0.0, 0.0, 0.0, 0.0, 0.0013836659491062164, -0.40277814865112305, -1.4944477081298828, -0.01641753874719143, 243.0
1117941, 0.003539505647495389, -0.40098699927330017, -1.4974504709243774, 0.013248159550130367, 0.007827063091099262, -0.030562881380319595, 0.0, 0.0, 0.0, 0.0, 0.0, 0.0, 0.0, 0.0020868703722953796, -0.4024209976196289, -1.4944000244140625, -0.016489733010530472, 243.0
1117962, 0.003581233322620392, -0.4009789824485779, -1.497577428817749, 0.013644286431372166, 0.00769612705335021, -0.03120945580303669, 0.0, 0.0, 0.0, 0.0, 0.0, 0.0, 0.0, 0.0019922181963920593, -0.40262699127197266, -1.494333267211914, -0.01655588485300541, 243.0
1117981, 0.0035730262752622366, -0.40100568532943726, -1.4975529909133911, 0.013551431708037853, 0.007373396307229996, -0.031461410224437714, 0.0, 0.0, 0.0, 0.0, 0.0, 0.0, 0.0, 0.0017384812235832214, -0.40253543853759766, -1.4945144653320312, -0.017031388357281685, 239.0
1118001, 0.0036293051671236753, -0.4009900689125061, -1.4977046251296997, 0.013809137046337128, 0.007308355066925287, -0.03198020160198212, 0.0, 0.0, 0.0, 0.0, 0.0, 0.0, 0.0, 0.0014603883028030396, -0.40280628204345703, -1.4945106506347656, -0.016352485865354538, 239.0
1118021, 0.0035784344654530287, -0.40103480219841003, -1.497659683227539, 0.013613039627671242, 0.007182911038398743, -0.03190130367875099, 0.0, 0.0, 0.0, 0.0, 0.0, 0.0, 0.0, 0.001477288082242012, -0.4026327133178711, -1.494476318359375, -0.016595803201198578, 239.0
1118041, 0.003615535330027342, -0.40102726221084595, -1.4977986812591553, 0.013730250298976898, 0.0067339870147407055, -0.032758768647909164, 0.0, 0.0, 0.0, 0.0, 0.0, 0.0, 0.0, 0.0017130989581346512, -0.40268945693969727, -1.4944076538085938, -0.015515684150159359, 239.0
1118062, 0.003591391956433654, -0.40106484293937683, -1.497732400894165, 0.013670818880200386, 0.00647180899977684, -0.03230692073702812, 0.0, 0.0, 0.0, 0.0, 0.0, 0.0, 0.0, 0.0020061414688825607, -0.40260744094848633, -1.4945240020751953, -0.016429604962468147, 239.0
1118081, 0.0035751755349338055, -0.40110278129577637, -1.4976907968521118, 0.013338690623641014, 0.006669855676591396, -0.0319380909204483, 0.0, 0.0, 0.0, 0.0, 0.0, 0.0, 0.0, 0.0017977766692638397, -0.4026365280151367, -1.4944610595703125, -0.016547121107578278, 235.0
1118101, 0.0036465812008827925, -0.40108582377433777, -1.4978611469268799, 0.01345379464328289, 0.006744528654962778, -0.0321647971868515, 0.0, 0.0, 0.0, 0.0, 0.0, 0.0, 0.0, 0.0015805121511220932, -0.40268611907958984, -1.49444580078125, -0.01664002425968647, 235.0
1118121, 0.0036303361412137747, -0.4011037051677704, -1.4977657794952393, 0.013369163498282433, 0.0068820770829916, -0.03151939436793327, 0.0, 0.0, 0.0, 0.0, 0.0, 0.0, 0.0, 0.0023818612098693848, -0.40240001678466797, -1.4943695068359375, -0.017312223091721535, 235.0
1118141, 0.0035826540552079678, -0.40112611651420593, -1.4976921081542969, 0.013281485065817833, 0.006871085148304701, -0.030948026105761528, 0.0, 0.0, 0.0, 0.0, 0.0, 0.0, 0.0, 0.0012013483792543411, -0.4026145935058594, -1.494405746459961, -0.01825995184481144, 235.0
1118161, 0.003627182450145483, -0.4011058509349823, -1.4977993965148926, 0.013712998479604721, 0.00709882378578186, -0.031480710953474045, 0.0, 0.0, 0.0, 0.0, 0.0, 0.0, 0.0, 0.001670975238084793, -0.40268659591674805, -1.4945392608642578, -0.017415931448340416, 235.0
1118181, 0.003606838174164295, -0.40112200379371643, -1.497694730758667, 0.013842962682247162, 0.00717448815703392, -0.031061118468642235, 0.0, 0.0, 0.0, 0.0, 0.0, 0.0, 0.0, 0.0016771163791418076, -0.4027562141418457, -1.4943695068359375, -0.017906220629811287, 240.0
1118201, 0.00363600323908031, -0.4011048674583435, -1.4977929592132568, 0.01405415590852499, 0.007332155015319586, -0.03125885874032974, 0.0, 0.0, 0.0, 0.0, 0.0, 0.0, 0.0, 0.0014146920293569565, -0.4027671813964844, -1.4943675994873047, -0.02261732891201973, 240.0
1118221, 0.00364906108006835, -0.40111684799194336, -1.4976907968521118, 0.014543895609676838, 0.007473117206245661, -0.030540423467755318, 0.0, 0.0, 0.0, 0.0, 0.0, 0.0, 0.0, 0.0017151478677988052, -0.40274953842163086, -1.4943885803222656, -0.023956602439284325, 240.0
1118241, 0.0036284076049923897, -0.4011259078979492, -1.4975823163986206, 0.014525450766086578, 0.007937073707580566, -0.02964523248374462, 0.0, 0.0, 0.0, 0.0, 0.0, 0.0, 0.0, 0.001584438607096672, -0.4028029441833496, -1.494455337524414, -0.023371903225779533, 240.0
1118261, 0.00368144316598773, -0.40110906958580017, -1.4976447820663452, 0.014729231595993042, 0.007741490378975868, -0.02957674115896225, 0.0, 0.0, 0.0, 0.0, 0.0, 0.0, 0.0, 0.0016810204833745956, -0.4028644561767578, -1.4943561553955078, -0.02274911105632782, 240.0
1118281, 0.0036360721569508314, -0.40111997723579407, -1.49752676486969, 0.014316623099148273, 0.007884087041020393, -0.02936030551791191, 0.0, 0.0, 0.0, 0.0, 0.0, 0.0, 0.0, 0.001798819750547409, -0.40259313583374023, -1.4944019317626953, -0.029602881520986557, 240.0
1118301, 0.0037027231883257627, -0.40107735991477966, -1.4976212978363037, 0.014700926840305328, 0.008038141764700413, -0.02994813770055771, 0.0, 0.0, 0.0, 0.0, 0.0, 0.0, 0.0, 0.0018483307212591171, -0.40273046493530273, -1.4944820404052734, -0.02817738987505436, 240.0
1118321, 0.003670170670375228, -0.40108710527420044, -1.4975249767303467, 0.014815217815339565, 0.008060415275394917, -0.02975008264183998, 0.0, 0.0, 0.0, 0.0, 0.0, 0.0, 0.0, 0.0013863183557987213, -0.4027714729309082, -1.494394302368164, -0.027547426521778107, 240.0
1118341, 0.0037641352973878384, -0.4010443389415741, -1.4976239204406738, 0.01505502499639988, 0.008131428621709347, -0.030248118564486504, 0.0, 0.0, 0.0, 0.0, 0.0, 0.0, 0.0, 0.0019556470215320587, -0.402677059173584, -1.49444580078125, -0.026847023516893387, 240.0
1118361, 0.0037560092750936747, -0.4010468125343323, -1.497562050819397, 0.015163049101829529, 0.008348341099917889, -0.030202830210328102, 0.0, 0.0, 0.0, 0.0, 0.0, 0.0, 0.0, 0.0012223850935697556, -0.4028944969177246, -1.494485855102539, -0.02627137303352356, 240.0
1118381, 0.0037315846420824528, -0.4010622501373291, -1.4974905252456665, 0.015102077275514603, 0.008212744258344173, -0.03046928159892559, 0.0, 0.0, 0.0, 0.0, 0.0, 0.0, 0.0, 0.001848667860031128, -0.4026827812194824, -1.494405746459961, -0.024166105315089226, 242.0
1118401, 0.003808307694271207, -0.4010169208049774, -1.497616171836853, 0.015315470285713673, 0.008311066776514053, -0.030977366492152214, 0.0, 0.0, 0.0, 0.0, 0.0, 0.0, 0.0, 0.0014517512172460556, -0.402618408203125, -1.4943599700927734, -0.02381049655377865, 242.0
1118421, 0.003739073174074292, -0.4010483920574188, -1.497554898262024, 0.015227318741381168, 0.008291219361126423, -0.0313720740377903, 0.0, 0.0, 0.0, 0.0, 0.0, 0.0, 0.0, 0.0011629685759544373, -0.40280818939208984, -1.4944820404052734, -0.024111678823828697, 242.0
1118441, 0.003803242463618517, -0.4010065197944641, -1.4976896047592163, 0.015585518442094326, 0.008491752669215202, -0.03205416724085808, 0.0, 0.0, 0.0, 0.0, 0.0, 0.0, 0.0, 0.0017846543341875076, -0.4027390480041504, -1.4943294525146484, -0.02360682189464569, 242.0
1118461, 0.003779198508709669, -0.40102419257164, -1.4976704120635986, 0.01529607642441988, 0.008321233093738556, -0.03212284296751022, 0.0, 0.0, 0.0, 0.0, 0.0, 0.0, 0.0, 0.0013819802552461624, -0.4025692939758301, -1.4943771362304688, -0.024940215051174164, 242.0
1118481, 0.0037413493264466524, -0.40103790163993835, -1.497624158859253, 0.01519768312573433, 0.008259224705398083, -0.03169594332575798, 0.0, 0.0, 0.0, 0.0, 0.0, 0.0, 0.0, 0.0023479238152503967, -0.4025077819824219, -1.4945144653320312, -0.02523481659591198, 241.0
1118502, 0.0038086271379143, -0.4010140597820282, -1.4977630376815796, 0.015373969450592995, 0.008127340115606785, -0.03230385482311249, 0.0, 0.0, 0.0, 0.0, 0.0, 0.0, 0.0, 0.0019282344728708267, -0.402799129486084, -1.4944267272949219, -0.023918304592370987, 241.0
1118521, 0.0037850027438253164, -0.40102165937423706, -1.4977302551269531, 0.015170854516327381, 0.008247670717537403, -0.031971920281648636, 0.0, 0.0, 0.0, 0.0, 0.0, 0.0, 0.0, 0.0017372258007526398, -0.4025125503540039, -1.4945144653320312, -0.023517875000834465, 241.0
1118541, 0.003778537269681692, -0.4010213613510132, -1.4976787567138672, 0.014993841759860516, 0.008426018990576267, -0.031600628048181534, 0.0, 0.0, 0.0, 0.0, 0.0, 0.0, 0.0, 0.0015523042529821396, -0.4025893211364746, -1.4942779541015625, -0.023846130818128586, 241.0
1118561, 0.003807651111856103, -0.40099596977233887, -1.4977946281433105, 0.015109489671885967, 0.008318044245243073, -0.032087817788124084, 0.0, 0.0, 0.0, 0.0, 0.0, 0.0, 0.0, 0.002112697809934616, -0.402529239654541, -1.4944324493408203, -0.023310285061597824, 241.0
1118581, 0.00380144570954144, -0.40100231766700745, -1.4977343082427979, 0.014998147264122963, 0.00820250902324915, -0.03169931843876839, 0.0, 0.0, 0.0, 0.0, 0.0, 0.0, 0.0, 0.0017965864390134811, -0.40271902084350586, -1.4944171905517578, -0.022756442427635193, 235.0
1118601, 0.00383943528868258, -0.40097665786743164, -1.4978605508804321, 0.015307563357055187, 0.008530860766768456, -0.032417625188827515, 0.0, 0.0, 0.0, 0.0, 0.0, 0.0, 0.0, 0.001667305827140808, -0.4027853012084961, -1.4943714141845703, -0.022635795176029205, 235.0
1118621, 0.0038202935829758644, -0.4009842276573181, -1.4977887868881226, 0.015357933938503265, 0.008490098640322685, -0.032201603055000305, 0.0, 0.0, 0.0, 0.0, 0.0, 0.0, 0.0, 0.00212056003510952, -0.4024839401245117, -1.4944534301757812, -0.02223944291472435, 235.0
1118641, 0.0037737225648015738, -0.40100690722465515, -1.497735619544983, 0.01526633184403181, 0.008413274772465229, -0.031782738864421844, 0.0, 0.0, 0.0, 0.0, 0.0, 0.0, 0.0, 0.0016564223915338516, -0.40253686904907227, -1.4944477081298828, -0.021278904750943184, 235.0
1118661, 0.003851871471852064, -0.40094536542892456, -1.497890830039978, 0.01570131629705429, 0.00871899165213108, -0.03224707394838333, 0.0, 0.0, 0.0, 0.0, 0.0, 0.0, 0.0, 0.001628061756491661, -0.4027857780456543, -1.49444580078125, -0.020754361525177956, 235.0
1118681, 0.0038128059823065996, -0.40096867084503174, -1.4978030920028687, 0.015516298823058605, 0.008602521382272243, -0.031708404421806335, 0.0, 0.0, 0.0, 0.0, 0.0, 0.0, 0.0, 0.001737823709845543, -0.40272998809814453, -1.4945144653320312, -0.02007346786558628, 241.0
1118702, 0.003893183311447501, -0.400937020778656, -1.497904896736145, 0.016163134947419167, 0.008578184992074966, -0.031853750348091125, 0.0, 0.0, 0.0, 0.0, 0.0, 0.0, 0.0, 0.002314278855919838, -0.40256690979003906, -1.4943199157714844, -0.0206418689340353, 241.0
1118721, 0.0038556053768843412, -0.40095096826553345, -1.4978011846542358, 0.016202518716454506, 0.008557058870792389, -0.03138461336493492, 0.0, 0.0, 0.0, 0.0, 0.0, 0.0, 0.0, 0.0014549661427736282, -0.40268373489379883, -1.4943313598632812, -0.020056040957570076, 241.0
1118741, 0.003830736270174384, -0.40098097920417786, -1.4977000951766968, 0.015937885269522667, 0.008678779937326908, -0.03082650527358055, 0.0, 0.0, 0.0, 0.0, 0.0, 0.0, 0.0, 0.002253737300634384, -0.40254831314086914, -1.4944629669189453, -0.02079630456864834, 241.0
1118761, 0.003886990249156952, -0.4009529650211334, -1.4977998733520508, 0.016282819211483, 0.008702180348336697, -0.031225839629769325, 0.0, 0.0, 0.0, 0.0, 0.0, 0.0, 0.0, 0.0019727274775505066, -0.40270519256591797, -1.4943618774414062, -0.021268967539072037, 241.0
1118781, 0.003869798732921481, -0.40095701813697815, -1.4976774454116821, 0.01621481217443943, 0.008778136223554611, -0.030635112896561623, 0.0, 0.0, 0.0, 0.0, 0.0, 0.0, 0.0, 0.0018774643540382385, -0.4025096893310547, -1.4943180084228516, -0.019966211169958115, 236.0
1118801, 0.003911823499947786, -0.4009275436401367, -1.4977725744247437, 0.016030406579375267, 0.008757570758461952, -0.031038688495755196, 0.0, 0.0, 0.0, 0.0, 0.0, 0.0, 0.0, 0.0014742594212293625, -0.40279197692871094, -1.4943962097167969, -0.01994604989886284, 236.0
1118821, 0.0038910829462110996, -0.4009506404399872, -1.4976643323898315, 0.015636824071407318, 0.008398783393204212, -0.0304711926728487, 0.0, 0.0, 0.0, 0.0, 0.0, 0.0, 0.0, 0.001737235113978386, -0.4028353691101074, -1.494424819946289, -0.01941954717040062, 236.0
1118841, 0.0039175949059426785, -0.4009395241737366, -1.4977442026138306, 0.015447238460183144, 0.008236267603933811, -0.031034521758556366, 0.0, 0.0, 0.0, 0.0, 0.0, 0.0, 0.0, 0.0013872981071472168, -0.4028148651123047, -1.4944496154785156, -0.019636843353509903, 236.0
1118861, 0.003876279341056943, -0.4009605050086975, -1.4976630210876465, 0.015049594454467297, 0.008117163553833961, -0.030497945845127106, 0.0, 0.0, 0.0, 0.0, 0.0, 0.0, 0.0, 0.001849619671702385, -0.4026956558227539, -1.4944610595703125, -0.019232982769608498, 236.0
1118881, 0.00379982334561646, -0.40099647641181946, -1.4975541830062866, 0.014902383089065552, 0.007948216050863266, -0.030084526166319847, 0.0, 0.0, 0.0, 0.0, 0.0, 0.0, 0.0, 0.001466795802116394, -0.40253496170043945, -1.4943656921386719, -0.019412729889154434, 239.0
1118901, 0.003862587036564946, -0.40097537636756897, -1.4976614713668823, 0.015285521745681763, 0.007854791358113289, -0.03053876757621765, 0.0, 0.0, 0.0, 0.0, 0.0, 0.0, 0.0, 0.0024163108319044113, -0.4024019241333008, -1.4944267272949219, -0.020329980179667473, 239.0
1118921, 0.0038079896476119757, -0.4010067880153656, -1.4975755214691162, 0.014871117658913136, 0.007562627084553242, -0.029928751289844513, 0.0, 0.0, 0.0, 0.0, 0.0, 0.0, 0.0, 0.0022817887365818024, -0.40244293212890625, -1.4943485260009766, -0.020449446514248848, 239.0
1118941, 0.0038469103164970875, -0.4009900987148285, -1.4976640939712524, 0.014964493922889233, 0.007546229753643274, -0.030266091227531433, 0.0, 0.0, 0.0, 0.0, 0.0, 0.0, 0.0, 0.001700783148407936, -0.40269899368286133, -1.4945049285888672, -0.021350108087062836, 239.0
1118961, 0.003800081554800272, -0.40102437138557434, -1.497593879699707, 0.014792813919484615, 0.007844631560146809, -0.030143197625875473, 0.0, 0.0, 0.0, 0.0, 0.0, 0.0, 0.0, 0.00174771249294281, -0.4028768539428711, -1.494546890258789, -0.01982354000210762, 239.0
1118981, 0.003763466374948621, -0.4010395109653473, -1.4975296258926392, 0.01472711656242609, 0.007847982458770275, -0.030135296285152435, 0.0, 0.0, 0.0, 0.0, 0.0, 0.0, 0.0, 0.002363402396440506, -0.40217113494873047, -1.494344711303711, -0.019244469702243805, 238.0
1119001, 0.0038172565400600433, -0.4010181128978729, -1.497642993927002, 0.014615621417760849, 0.008037915453314781, -0.030817119404673576, 0.0, 0.0, 0.0, 0.0, 0.0, 0.0, 0.0, 0.0024981647729873657, -0.4024667739868164, -1.4943008422851562, -0.020493680611252785, 238.0
1119021, 0.003750982927158475, -0.40101683139801025, -1.497588038444519, 0.014094018377363682, 0.008200796321034431, -0.030644401907920837, 0.0, 0.0, 0.0, 0.0, 0.0, 0.0, 0.0, 0.0015504062175750732, -0.40259790420532227, -1.4944438934326172, -0.019029680639505386, 238.0
1119041, 0.0038200225681066513, -0.40098872780799866, -1.497707486152649, 0.01443105936050415, 0.008409255184233189, -0.031266093254089355, 0.0, 0.0, 0.0, 0.0, 0.0, 0.0, 0.0, 0.0025812238454818726, -0.4025001525878906, -1.494455337524414, -0.01962457224726677, 238.0
1119061, 0.003779646474868059, -0.40098705887794495, -1.4976707696914673, 0.01443018764257431, 0.008469411171972752, -0.0312713161110878, 0.0, 0.0, 0.0, 0.0, 0.0, 0.0, 0.0, 0.0021610595285892487, -0.4025449752807617, -1.4943408966064453, -0.017728710547089577, 238.0
1119081, 0.003728467971086502, -0.40101349353790283, -1.4976122379302979, 0.014317743480205536, 0.008616617880761623, -0.031167320907115936, 0.0, 0.0, 0.0, 0.0, 0.0, 0.0, 0.0, 0.001546775922179222, -0.4027566909790039, -1.4945430755615234, -0.017955787479877472, 239.0
1119102, 0.003798156278207898, -0.4009692668914795, -1.4977469444274902, 0.014703751541674137, 0.008589880540966988, -0.031891025602817535, 0.0, 0.0, 0.0, 0.0, 0.0, 0.0, 0.0, 0.0018149539828300476, -0.40271949768066406, -1.4943561553955078, -0.01763511635363102, 239.0
1119121, 0.003755616955459118, -0.4009765684604645, -1.4977010488510132, 0.014547816477715969, 0.008681274950504303, -0.03149355202913284, 0.0, 0.0, 0.0, 0.0, 0.0, 0.0, 0.0, 0.0016180053353309631, -0.4025273323059082, -1.494466781616211, -0.016563953831791878, 239.0
1119141, 0.0037876921705901623, -0.40094223618507385, -1.4978259801864624, 0.014622450806200504, 0.008672608062624931, -0.03225648030638695, 0.0, 0.0, 0.0, 0.0, 0.0, 0.0, 0.0, 0.0015537925064563751, -0.40291500091552734, -1.4944686889648438, -0.01712152548134327, 239.0
1119161, 0.003769044764339924, -0.4009643793106079, -1.497789740562439, 0.014760233461856842, 0.007995154708623886, -0.032102808356285095, 0.0, 0.0, 0.0, 0.0, 0.0, 0.0, 0.0, 0.002369774505496025, -0.4025421142578125, -1.494363784790039, -0.015163179486989975, 239.0
1119181, 0.0037408217322081327, -0.40099385380744934, -1.4977200031280518, 0.014763428829610348, 0.007859725505113602, -0.03159371390938759, 0.0, 0.0, 0.0, 0.0, 0.0, 0.0, 0.0, 0.0015799198299646378, -0.40270328521728516, -1.4944038391113281, -0.01355027500540018, 239.0
1119202, 0.0038002158980816603, -0.40095868706703186, -1.4978512525558472, 0.014979582279920578, 0.008019376546144485, -0.031787872314453125, 0.0, 0.0, 0.0, 0.0, 0.0, 0.0, 0.0, 0.0016759801656007767, -0.4024229049682617, -1.4945106506347656, -0.012204116210341454, 239.0
1119221, 0.0037626405246555805, -0.40097615122795105, -1.4977953433990479, 0.01486144121736288, 0.008202816359698772, -0.03150207921862602, 0.0, 0.0, 0.0, 0.0, 0.0, 0.0, 0.0, 0.0022501852363348007, -0.40264225006103516, -1.4943485260009766, -0.012042749673128128, 239.0
1119241, 0.0038027530536055565, -0.40094220638275146, -1.49789559841156, 0.015078399330377579, 0.008307056501507759, -0.03184915706515312, 0.0, 0.0, 0.0, 0.0, 0.0, 0.0, 0.0, 0.002058913931250572, -0.4025759696960449, -1.4944400787353516, -0.01841280609369278, 239.0
1119261, 0.0038140069227665663, -0.40095511078834534, -1.4978241920471191, 0.015319732017815113, 0.008153685368597507, -0.03102792613208294, 0.0, 0.0, 0.0, 0.0, 0.0, 0.0, 0.0, 0.002505965530872345, -0.40252256393432617, -1.4943428039550781, -0.023889800533652306, 239.0
1119281, 0.003771649906411767, -0.4009847342967987, -1.4977233409881592, 0.015110616572201252, 0.00796057190746069, -0.030343158170580864, 0.0, 0.0, 0.0, 0.0, 0.0, 0.0, 0.0, 0.001956690102815628, -0.40239381790161133, -1.4943389892578125, -0.024124961346387863, 239.0
1119301, 0.003807483706623316, -0.4009750187397003, -1.4977971315383911, 0.015243162401020527, 0.008101366460323334, -0.030619869008660316, 0.0, 0.0, 0.0, 0.0, 0.0, 0.0, 0.0, 0.0015242472290992737, -0.4025740623474121, -1.4943256378173828, -0.022933784872293472, 239.0
1119321, 0.0037723940331488848, -0.4009970426559448, -1.4976712465286255, 0.015336365438997746, 0.008285108022391796, -0.029626982286572456, 0.0, 0.0, 0.0, 0.0, 0.0, 0.0, 0.0, 0.0018441621214151382, -0.4025397300720215, -1.494537353515625, -0.021377362310886383, 239.0
1119341, 0.003843241836875677, -0.4009661078453064, -1.4977408647537231, 0.01539755892008543, 0.008234841749072075, -0.02947753667831421, 0.0, 0.0, 0.0, 0.0, 0.0, 0.0, 0.0, 0.0012607574462890625, -0.403073787689209, -1.4940471649169922, -0.021986808627843857, 239.0
1119361, 0.0038063167594373226, -0.4009864926338196, -1.4976316690444946, 0.015094509348273277, 0.008139829151332378, -0.02913988195359707, 0.0, 0.0, 0.0, 0.0, 0.0, 0.0, 0.0, 0.0014493968337774277, -0.4026322364807129, -1.494333267211914, -0.021691782400012016, 239.0
1119381, 0.0037617781199514866, -0.4010201692581177, -1.497529149055481, 0.015298858284950256, 0.0077745444141328335, -0.02877490222454071, 0.0, 0.0, 0.0, 0.0, 0.0, 0.0, 0.0, 0.001663442701101303, -0.4027900695800781, -1.4944114685058594, -0.022312603890895844, 241.0
1119401, 0.0038259096909314394, -0.4009946882724762, -1.4976086616516113, 0.015429108403623104, 0.007968866266310215, -0.029290392994880676, 0.0, 0.0, 0.0, 0.0, 0.0, 0.0, 0.0, 0.0017516035586595535, -0.40270328521728516, -1.4944305419921875, -0.022176574915647507, 241.0
1119421, 0.003813043935224414, -0.4010085463523865, -1.497535228729248, 0.015265672467648983, 0.008301731199026108, -0.02890705317258835, 0.0, 0.0, 0.0, 0.0, 0.0, 0.0, 0.0, 0.0014179646968841553, -0.4024801254272461, -1.4943771362304688, -0.022231198847293854, 241.0
1119441, 0.0038399226032197475, -0.400981068611145, -1.4976035356521606, 0.015302744694054127, 0.008688392117619514, -0.029440641403198242, 0.0, 0.0, 0.0, 0.0, 0.0, 0.0, 0.0, 0.0016641467809677124, -0.4029116630554199, -1.4940776824951172, -0.02148924395442009, 241.0
1119461, 0.003813166869804263, -0.4009776711463928, -1.4975203275680542, 0.015100723132491112, 0.008542893454432487, -0.02899751625955105, 0.0, 0.0, 0.0, 0.0, 0.0, 0.0, 0.0, 0.0016130320727825165, -0.4026484489440918, -1.4943389892578125, -0.021488450467586517, 241.0
1119481, 0.0038503287360072136, -0.4009680151939392, -1.497597336769104, 0.01529352180659771, 0.00838172435760498, -0.02941906452178955, 0.0, 0.0, 0.0, 0.0, 0.0, 0.0, 0.0, 0.001385428011417389, -0.402987003326416, -1.494476318359375, -0.025694213807582855, 240.0
1119502, 0.0038213448133319616, -0.4009722173213959, -1.4975286722183228, 0.015134788118302822, 0.008390556089580059, -0.02946636453270912, 0.0, 0.0, 0.0, 0.0, 0.0, 0.0, 0.0, 0.002404637634754181, -0.4023127555847168, -1.494436264038086, -0.02606828510761261, 240.0
1119521, 0.0037789354100823402, -0.4009917974472046, -1.4974677562713623, 0.014902240596711636, 0.008727903477847576, -0.029838118702173233, 0.0, 0.0, 0.0, 0.0, 0.0, 0.0, 0.0, 0.0017640218138694763, -0.40270280838012695, -1.4945335388183594, -0.02467595972120762, 240.0
1119541, 0.00383299239911139, -0.4009566903114319, -1.4975911378860474, 0.015356095507740974, 0.008619601838290691, -0.03073267824947834, 0.0, 0.0, 0.0, 0.0, 0.0, 0.0, 0.0, 0.0016291867941617966, -0.4026827812194824, -1.494394302368164, -0.025208422914147377, 240.0
1119561, 0.00381419132463634, -0.40096017718315125, -1.497560739517212, 0.015530142933130264, 0.008828365243971348, -0.03086823597550392, 0.0, 0.0, 0.0, 0.0, 0.0, 0.0, 0.0, 0.002148738130927086, -0.40253543853759766, -1.4944210052490234, -0.026270989328622818, 240.0
1119581, 0.003849607426673174, -0.40093106031417847, -1.4976744651794434, 0.015557318925857544, 0.008794297464191914, -0.03104247711598873, 0.0, 0.0, 0.0, 0.0, 0.0, 0.0, 0.0, 0.0013225357979536057, -0.4025382995605469, -1.4943084716796875, -0.025275949388742447, 242.0
1119602, 0.0038280386943370104, -0.4009437561035156, -1.497641682624817, 0.015908511355519295, 0.008890064433217049, -0.030844077467918396, 0.0, 0.0, 0.0, 0.0, 0.0, 0.0, 0.0, 0.001788979396224022, -0.4025754928588867, -1.4943962097167969, -0.02461395412683487, 242.0
1119621, 0.0038223550654947758, -0.40094202756881714, -1.4976075887680054, 0.016160257160663605, 0.00888641644269228, -0.030646683648228645, 0.0, 0.0, 0.0, 0.0, 0.0, 0.0, 0.0, 0.002191314473748207, -0.4024229049682617, -1.494363784790039, -0.024199344217777252, 242.0
1119641, 0.003901352873072028, -0.400907963514328, -1.497720718383789, 0.016968639567494392, 0.008704285137355328, -0.031567782163619995, 0.0, 0.0, 0.0, 0.0, 0.0, 0.0, 0.0, 0.001586979255080223, -0.4026918411254883, -1.4944515228271484, -0.02555491216480732, 242.0
1119661, 0.0038915870245546103, -0.4009372591972351, -1.4976955652236938, 0.017060110345482826, 0.008644884452223778, -0.0314774289727211, 0.0, 0.0, 0.0, 0.0, 0.0, 0.0, 0.0, 0.001829909160733223, -0.4027409553527832, -1.4943885803222656, -0.025898240506649017, 242.0
1119681, 0.0038708399515599012, -0.4009596109390259, -1.497632384300232, 0.016839127987623215, 0.008293661288917065, -0.03109756112098694, 0.0, 0.0, 0.0, 0.0, 0.0, 0.0, 0.0, 0.001496296375989914, -0.4025607109069824, -1.4943885803222656, -0.025191759690642357, 238.0
1119701, 0.003938667010515928, -0.40093129873275757, -1.4977669715881348, 0.016609305515885353, 0.008184774778783321, -0.03211523965001106, 0.0, 0.0, 0.0, 0.0, 0.0, 0.0, 0.0, 0.0016169454902410507, -0.40262365341186523, -1.4944076538085938, -0.024296045303344727, 238.0
1119721, 0.003928082063794136, -0.40095993876457214, -1.4977248907089233, 0.01669343188405037, 0.008212697692215443, -0.03195546939969063, 0.0, 0.0, 0.0, 0.0, 0.0, 0.0, 0.0, 0.0016630925238132477, -0.40276098251342773, -1.4945201873779297, -0.02286846563220024, 238.0
1119742, 0.003993073012679815, -0.40093979239463806, -1.4978506565093994, 0.01661677099764347, 0.008038381114602089, -0.03252211958169937, 0.0, 0.0, 0.0, 0.0, 0.0, 0.0, 0.0, 0.0018569864332675934, -0.40270519256591797, -1.4944076538085938, -0.022963309660553932, 238.0
1119761, 0.003973396494984627, -0.4009605944156647, -1.497812271118164, 0.016504712402820587, 0.008123361505568027, -0.032117586582899094, 0.0, 0.0, 0.0, 0.0, 0.0, 0.0, 0.0, 0.002578422427177429, -0.40242481231689453, -1.4944648742675781, -0.022117268294095993, 238.0
1119781, 0.003988724667578936, -0.4009544253349304, -1.4978388547897339, 0.016577506437897682, 0.007937423884868622, -0.03212146461009979, 0.0, 0.0, 0.0, 0.0, 0.0, 0.0, 0.0, 0.0019775088876485825, -0.40234375, -1.4943828582763672, -0.022678781300783157, 238.0
1119801, 0.0038740024901926517, -0.40101829171180725, -1.4976264238357544, 0.016132023185491562, 0.007738776504993439, -0.03106268309056759, 0.0, 0.0, 0.0, 0.0, 0.0, 0.0, 0.0, 0.0017114728689193726, -0.4027366638183594, -1.4944496154785156, -0.028652822598814964, 238.0
1119821, 0.003840344026684761, -0.4010370075702667, -1.497578501701355, 0.016176551580429077, 0.007792885415256023, -0.030903520062565804, 0.0, 0.0, 0.0, 0.0, 0.0, 0.0, 0.0, 0.001547049731016159, -0.4026498794555664, -1.494314193725586, -0.027320465072989464, 238.0
1119841, 0.00390816293656826, -0.4010138511657715, -1.4976800680160522, 0.015938611701130867, 0.008039917796850204, -0.031015858054161072, 0.0, 0.0, 0.0, 0.0, 0.0, 0.0, 0.0, 0.002388646826148033, -0.4022660255432129, -1.4943370819091797, -0.027764495462179184, 238.0
1119861, 0.003897851798683405, -0.40102317929267883, -1.4976484775543213, 0.015581104904413223, 0.008056743070483208, -0.03057730942964554, 0.0, 0.0, 0.0, 0.0, 0.0, 0.0, 0.0, 0.0016791149973869324, -0.40248775482177734, -1.4944705963134766, -0.025607585906982422, 238.0
1119881, 0.003875607391819358, -0.40102890133857727, -1.4975972175598145, 0.015644727274775505, 0.00778658501803875, -0.030566487461328506, 0.0, 0.0, 0.0, 0.0, 0.0, 0.0, 0.0, 0.0021426286548376083, -0.4024162292480469, -1.4944095611572266, -0.02596658281981945, 238.0
1119901, 0.003885695245116949, -0.4010303020477295, -1.4976682662963867, 0.01544523611664772, 0.0071902088820934296, -0.03064277209341526, 0.0, 0.0, 0.0, 0.0, 0.0, 0.0, 0.0, 0.0014153774827718735, -0.40273141860961914, -1.4943981170654297, -0.02725820802152157, 238.0
1119921, 0.003873517969623208, -0.4010540843009949, -1.497592806816101, 0.015471282415091991, 0.007037321105599403, -0.030198311433196068, 0.0, 0.0, 0.0, 0.0, 0.0, 0.0, 0.0, 0.001773778349161148, -0.4026222229003906, -1.4944992065429688, -0.024848584085702896, 238.0
1119941, 0.00391526659950614, -0.4010413885116577, -1.4976497888565063, 0.015864748507738113, 0.007095065899193287, -0.03045157715678215, 0.0, 0.0, 0.0, 0.0, 0.0, 0.0, 0.0, 0.0015464015305042267, -0.4026322364807129, -1.4944267272949219, -0.023391688242554665, 238.0
1119961, 0.0038784868083894253, -0.4010688066482544, -1.4975663423538208, 0.0157551858574152, 0.007283095736056566, -0.030054105445742607, 0.0, 0.0, 0.0, 0.0, 0.0, 0.0, 0.0, 0.001369766891002655, -0.4027886390686035, -1.4944801330566406, -0.021986115723848343, 238.0
1119981, 0.003797986311838031, -0.4011053144931793, -1.4974786043167114, 0.01532664243131876, 0.007338350173085928, -0.02966373972594738, 0.0, 0.0, 0.0, 0.0, 0.0, 0.0, 0.0, 0.001996386796236038, -0.40251636505126953, -1.4945049285888672, -0.020909983664751053, 236.0
1120001, 0.003865532111376524, -0.40108242630958557, -1.497545599937439, 0.01581658609211445, 0.007528433110564947, -0.02971998043358326, 0.0, 0.0, 0.0, 0.0, 0.0, 0.0, 0.0, 0.0017107930034399033, -0.4027714729309082, -1.4943714141845703, -0.02617510035634041, 236.0
1120021, 0.0038271788507699966, -0.401104211807251, -1.4974814653396606, 0.015417421236634254, 0.007684292271733284, -0.029457783326506615, 0.0, 0.0, 0.0, 0.0, 0.0, 0.0, 0.0, 0.0016224551945924759, -0.4027719497680664, -1.4945316314697266, -0.026194075122475624, 236.0
1120041, 0.003860118333250284, -0.4010818898677826, -1.4975425004959106, 0.015239840373396873, 0.007675328757613897, -0.029664475470781326, 0.0, 0.0, 0.0, 0.0, 0.0, 0.0, 0.0, 0.0023885369300842285, -0.4025416374206543, -1.494405746459961, -0.02446998842060566, 236.0
1120061, 0.003822035389021039, -0.40108609199523926, -1.4974745512008667, 0.015324714593589306, 0.007716172840446234, -0.029528368264436722, 0.0, 0.0, 0.0, 0.0, 0.0, 0.0, 0.0, 0.0016883201897144318, -0.40250444412231445, -1.4943828582763672, -0.024679729714989662, 236.0
1120081, 0.0038414974696934223, -0.4010700285434723, -1.4975600242614746, 0.015083161182701588, 0.007610981352627277, -0.030041031539440155, 0.0, 0.0, 0.0, 0.0, 0.0, 0.0, 0.0, 0.0017394479364156723, -0.40281057357788086, -1.4944610595703125, -0.02491476573050022, 240.0
1120101, 0.0037968927063047886, -0.40109363198280334, -1.4975028038024902, 0.015143981203436852, 0.007465137168765068, -0.03038487583398819, 0.0, 0.0, 0.0, 0.0, 0.0, 0.0, 0.0, 0.0016086753457784653, -0.40274572372436523, -1.4944095611572266, -0.023805562406778336, 240.0
1120121, 0.0037951830308884382, -0.40110692381858826, -1.497468113899231, 0.015273252502083778, 0.007443432230502367, -0.030459294095635414, 0.0, 0.0, 0.0, 0.0, 0.0, 0.0, 0.0, 0.001814279705286026, -0.4027285575866699, -1.4944095611572266, -0.023679332807660103, 240.0
1120141, 0.003796930192038417, -0.40109783411026, -1.4975717067718506, 0.015153584070503712, 0.007503929082304239, -0.03085418976843357, 0.0, 0.0, 0.0, 0.0, 0.0, 0.0, 0.0, 0.0013280995190143585, -0.4026951789855957, -1.4943408966064453, -0.023768385872244835, 240.0
1120161, 0.0037931541446596384, -0.4011015295982361, -1.4975239038467407, 0.01507940236479044, 0.00769592123106122, -0.030286027118563652, 0.0, 0.0, 0.0, 0.0, 0.0, 0.0, 0.0, 0.001948915421962738, -0.4027581214904785, -1.4944629669189453, -0.021747251972556114, 240.0
1120181, 0.0037555925082415342, -0.40110906958580017, -1.4975184202194214, 0.014900695532560349, 0.007935820147395134, -0.030079320073127747, 0.0, 0.0, 0.0, 0.0, 0.0, 0.0, 0.0, 0.0013378895819187164, -0.40251636505126953, -1.4943580627441406, -0.02145390212535858, 238.0
1120201, 0.0038275779224932194, -0.40106675028800964, -1.4976049661636353, 0.015033071860671043, 0.008173245005309582, -0.030431535094976425, 0.0, 0.0, 0.0, 0.0, 0.0, 0.0, 0.0, 0.0016983207315206528, -0.40273523330688477, -1.4944133758544922, -0.021447859704494476, 238.0
1120221, 0.0037873785477131605, -0.40106117725372314, -1.4975526332855225, 0.014958750456571579, 0.008296642452478409, -0.030409011989831924, 0.0, 0.0, 0.0, 0.0, 0.0, 0.0, 0.0, 0.0014717280864715576, -0.4027409553527832, -1.494466781616211, -0.021726084873080254, 238.0
1120241, 0.0038629621267318726, -0.40102335810661316, -1.497763752937317, 0.015335196629166603, 0.008393978700041771, -0.031803444027900696, 0.0, 0.0, 0.0, 0.0, 0.0, 0.0, 0.0, 0.0014375615864992142, -0.4026317596435547, -1.4943790435791016, -0.021634196862578392, 238.0
1120261, 0.0038465913385152817, -0.4009968340396881, -1.497791051864624, 0.015110181644558907, 0.008356671780347824, -0.032016269862651825, 0.0, 0.0, 0.0, 0.0, 0.0, 0.0, 0.0, 0.002173652872443199, -0.4023876190185547, -1.494436264038086, -0.01958996243774891, 238.0
1120281, 0.003850277978926897, -0.400995135307312, -1.4978275299072266, 0.015134577639400959, 0.008173045702278614, -0.03250939026474953, 0.0, 0.0, 0.0, 0.0, 0.0, 0.0, 0.0, 0.0019072666764259338, -0.4027738571166992, -1.4944133758544922, -0.020856378600001335, 234.0
1120301, 0.0037754764780402184, -0.40102434158325195, -1.49765944480896, 0.014835392124950886, 0.00812238547950983, -0.03163601830601692, 0.0, 0.0, 0.0, 0.0, 0.0, 0.0, 0.0, 0.0018543414771556854, -0.4027748107910156, -1.4943695068359375, -0.02003435231745243, 234.0
1120321, 0.0037339101545512676, -0.40104928612709045, -1.4975934028625488, 0.014664944261312485, 0.008189446292817593, -0.031202293932437897, 0.0, 0.0, 0.0, 0.0, 0.0, 0.0, 0.0, 0.0023661889135837555, -0.4024162292480469, -1.4945030212402344, -0.020143253728747368, 234.0
1120341, 0.0038021684158593416, -0.40100792050361633, -1.4977344274520874, 0.015401509590446949, 0.008382702246308327, -0.031941916793584824, 0.0, 0.0, 0.0, 0.0, 0.0, 0.0, 0.0, 0.0023809783160686493, -0.40248775482177734, -1.4944610595703125, -0.01929859258234501, 234.0
1120361, 0.0037919143214821815, -0.40101268887519836, -1.4977065324783325, 0.015302222222089767, 0.008532177656888962, -0.03146922215819359, 0.0, 0.0, 0.0, 0.0, 0.0, 0.0, 0.0, 0.0023802388459444046, -0.40243101119995117, -1.4943618774414062, -0.020554281771183014, 234.0
1120381, 0.003804480656981468, -0.40098971128463745, -1.4977108240127563, 0.014951491728425026, 0.008575684390962124, -0.03127661347389221, 0.0, 0.0, 0.0, 0.0, 0.0, 0.0, 0.0, 0.0016492009162902832, -0.40251779556274414, -1.4942703247070312, -0.027661878615617752, 237.0
1120402, 0.003836114890873432, -0.400964617729187, -1.4977943897247314, 0.015011400915682316, 0.008484231308102608, -0.03151046112179756, 0.0, 0.0, 0.0, 0.0, 0.0, 0.0, 0.0, 0.001414429396390915, -0.40256690979003906, -1.4944324493408203, -0.02752704545855522, 237.0
1120421, 0.003795970231294632, -0.40098387002944946, -1.497705340385437, 0.01480623334646225, 0.008345057256519794, -0.030783221125602722, 0.0, 0.0, 0.0, 0.0, 0.0, 0.0, 0.0, 0.0022995024919509888, -0.4024162292480469, -1.4945259094238281, -0.03340504318475723, 237.0
1120442, 0.0038390965200960636, -0.40095779299736023, -1.4977762699127197, 0.014647822827100754, 0.008430206216871738, -0.031113559380173683, 0.0, 0.0, 0.0, 0.0, 0.0, 0.0, 0.0, 0.002056701108813286, -0.40239858627319336, -1.4942569732666016, -0.033426832407712936, 237.0
1120461, 0.003793460549786687, -0.40098094940185547, -1.497660756111145, 0.014371361583471298, 0.008222155272960663, -0.03044246882200241, 0.0, 0.0, 0.0, 0.0, 0.0, 0.0, 0.0, 0.001447342336177826, -0.40259695053100586, -1.4945812225341797, -0.03408075496554375, 237.0
1120481, 0.0037516059819608927, -0.4009857475757599, -1.49757719039917, 0.014529159292578697, 0.008738069795072079, -0.029812410473823547, 0.0, 0.0, 0.0, 0.0, 0.0, 0.0, 0.0, 0.0014715231955051422, -0.4027585983276367, -1.4945106506347656, -0.03504098579287529, 235.0
1120501, 0.003769285511225462, -0.4009700417518616, -1.4976290464401245, 0.014918149448931217, 0.008559991605579853, -0.029806287959218025, 0.0, 0.0, 0.0, 0.0, 0.0, 0.0, 0.0, 0.0019171200692653656, -0.4021759033203125, -1.494253158569336, -0.03733254596590996, 235.0
1120521, 0.003819818375632167, -0.40094706416130066, -1.4977103471755981, 0.01516838651150465, 0.008556696586310863, -0.0305235143750906, 0.0, 0.0, 0.0, 0.0, 0.0, 0.0, 0.0, 0.0016416385769844055, -0.40266895294189453, -1.4944286346435547, -0.03699962794780731, 235.0
1120541, 0.0037789391353726387, -0.4009617865085602, -1.4976036548614502, 0.014997724443674088, 0.008618675172328949, -0.029932700097560883, 0.0, 0.0, 0.0, 0.0, 0.0, 0.0, 0.0, 0.0016509294509887695, -0.4028158187866211, -1.4943866729736328, -0.036698468029499054, 235.0
1120561, 0.0037246993742883205, -0.400993674993515, -1.497504472732544, 0.014728132635354996, 0.008477713912725449, -0.029389670118689537, 0.0, 0.0, 0.0, 0.0, 0.0, 0.0, 0.0, 0.0020485222339630127, -0.40251684188842773, -1.494455337524414, -0.03772909939289093, 235.0
1120581, 0.003803044557571411, -0.40095868706703186, -1.497620701789856, 0.015384478494524956, 0.008967088535428047, -0.03055117093026638, 0.0, 0.0, 0.0, 0.0, 0.0, 0.0, 0.0, 0.0022850465029478073, -0.4024796485900879, -1.494436264038086, -0.03613707050681114, 237.0
1120601, 0.0037701823748648167, -0.40097424387931824, -1.4975279569625854, 0.01553301326930523, 0.009097201749682426, -0.030387217178940773, 0.0, 0.0, 0.0, 0.0, 0.0, 0.0, 0.0, 0.001974504441022873, -0.40246105194091797, -1.4943561553955078, -0.03637876361608505, 237.0
1120621, 0.003741215215995908, -0.4009767770767212, -1.4974699020385742, 0.015413843095302582, 0.009190169163048267, -0.030312592163681984, 0.0, 0.0, 0.0, 0.0, 0.0, 0.0, 0.0, 0.0014923866838216782, -0.4026150703430176, -1.494466781616211, -0.0362459197640419, 237.0
1120641, 0.003789585782214999, -0.40094438195228577, -1.4975775480270386, 0.015561938285827637, 0.009045248851180077, -0.030241550877690315, 0.0, 0.0, 0.0, 0.0, 0.0, 0.0, 0.0, 0.0017235446721315384, -0.4027066230773926, -1.4943962097167969, -0.035758424550294876, 237.0
1120661, 0.0037667457945644855, -0.40095117688179016, -1.497507095336914, 0.015516741201281548, 0.009045006707310677, -0.02984120510518551, 0.0, 0.0, 0.0, 0.0, 0.0, 0.0, 0.0, 0.001707008108496666, -0.40259647369384766, -1.4944953918457031, -0.03518994152545929, 237.0
1120681, 0.0038314068224281073, -0.4009149372577667, -1.4976284503936768, 0.015720045194029808, 0.008992108516395092, -0.030298633500933647, 0.0, 0.0, 0.0, 0.0, 0.0, 0.0, 0.0, 0.0015894100069999695, -0.4027228355407715, -1.4944267272949219, -0.03574926778674126, 238.0
1120701, 0.003806339344009757, -0.40093719959259033, -1.497554063796997, 0.015409894287586212, 0.009339389391243458, -0.0298733189702034, 0.0, 0.0, 0.0, 0.0, 0.0, 0.0, 0.0, 0.0014360640197992325, -0.4026007652282715, -1.4943675994873047, -0.04172524809837341, 238.0
1120721, 0.0037698368541896343, -0.400939017534256, -1.497496247291565, 0.015308205038309097, 0.009665046818554401, -0.030175328254699707, 0.0, 0.0, 0.0, 0.0, 0.0, 0.0, 0.0, 0.0016433577984571457, -0.40259885787963867, -1.4943046569824219, -0.040791433304548264, 238.0
1120741, 0.00383856613188982, -0.4008806645870209, -1.4976105690002441, 0.015300544910132885, 0.009862896054983139, -0.031081391498446465, 0.0, 0.0, 0.0, 0.0, 0.0, 0.0, 0.0, 0.001695265993475914, -0.40252685546875, -1.4942283630371094, -0.04092496261000633, 238.0
1120761, 0.003785830456763506, -0.40089234709739685, -1.4975720643997192, 0.014793364331126213, 0.010198674164712429, -0.031046098098158836, 0.0, 0.0, 0.0, 0.0, 0.0, 0.0, 0.0, 0.0012089032679796219, -0.40268707275390625, -1.4944610595703125, -0.03971615806221962, 238.0
1120781, 0.0038545478601008654, -0.4008134603500366, -1.497743844985962, 0.015063558705151081, 0.010152398608624935, -0.03165309131145477, 0.0, 0.0, 0.0, 0.0, 0.0, 0.0, 0.0, 0.0016029980033636093, -0.4026298522949219, -1.494394302368164, -0.04377326741814613, 240.0
1120801, 0.003839003387838602, -0.40082430839538574, -1.4976965188980103, 0.01514632161706686, 0.009756342507898808, -0.03133421763777733, 0.0, 0.0, 0.0, 0.0, 0.0, 0.0, 0.0, 0.002014491707086563, -0.4026064872741699, -1.494415283203125, -0.045415621250867844, 240.0
1120821, 0.003905629273504019, -0.4007822275161743, -1.4978193044662476, 0.015574974939227104, 0.009914272464811802, -0.03195037692785263, 0.0, 0.0, 0.0, 0.0, 0.0, 0.0, 0.0, 0.0021069981157779694, -0.40258264541625977, -1.4944648742675781, -0.04645589739084244, 240.0
1120842, 0.0038438518531620502, -0.40080657601356506, -1.4977813959121704, 0.015409453772008419, 0.009399875067174435, -0.031599681824445724, 0.0, 0.0, 0.0, 0.0, 0.0, 0.0, 0.0, 0.0016012191772460938, -0.40283203125, -1.4945545196533203, -0.04722991958260536, 240.0
1120861, 0.003788656322285533, -0.40083545446395874, -1.4977061748504639, 0.015275899320840836, 0.00954242330044508, -0.03110189363360405, 0.0, 0.0, 0.0, 0.0, 0.0, 0.0, 0.0, 0.0016484800726175308, -0.4027233123779297, -1.494405746459961, -0.046342168003320694, 240.0
1120881, 0.0037670661695301533, -0.4008418321609497, -1.4976484775543213, 0.015419450588524342, 0.009672300890088081, -0.030901912599802017, 0.0, 0.0, 0.0, 0.0, 0.0, 0.0, 0.0, 0.0014811772853136063, -0.40268850326538086, -1.494375228881836, -0.04614316299557686, 239.0
1120901, 0.0038676897529512644, -0.40078678727149963, -1.4978177547454834, 0.015553451143205166, 0.009757124818861485, -0.031614504754543304, 0.0, 0.0, 0.0, 0.0, 0.0, 0.0, 0.0, 0.001291375607252121, -0.4026918411254883, -1.4944534301757812, -0.04690266400575638, 239.0
1120921, 0.003818824654445052, -0.40082234144210815, -1.4977240562438965, 0.015360038727521896, 0.009369554929435253, -0.03064650110900402, 0.0, 0.0, 0.0, 0.0, 0.0, 0.0, 0.0, 0.0013861358165740967, -0.4026484489440918, -1.4943256378173828, -0.045540742576122284, 239.0
1120942, 0.00389838800765574, -0.40077146887779236, -1.497824788093567, 0.015280580148100853, 0.009446840733289719, -0.030867232009768486, 0.0, 0.0, 0.0, 0.0, 0.0, 0.0, 0.0, 0.0017061177641153336, -0.4025411605834961, -1.4944610595703125, -0.0452660508453846, 239.0
1120961, 0.0038542451802641153, -0.4008014500141144, -1.4977868795394897, 0.01489708200097084, 0.009017853066325188, -0.030933547765016556, 0.0, 0.0, 0.0, 0.0, 0.0, 0.0, 0.0, 0.0011722221970558167, -0.4027857780456543, -1.4943466186523438, -0.04526242986321449, 239.0
1120981, 0.00391483586281538, -0.4007643759250641, -1.497867226600647, 0.015013415366411209, 0.00918357353657484, -0.03138192370533943, 0.0, 0.0, 0.0, 0.0, 0.0, 0.0, 0.0, 0.0017802324146032333, -0.4026217460632324, -1.4944992065429688, -0.04456210881471634, 240.0
1121001, 0.003835158422589302, -0.4008137583732605, -1.4977821111679077, 0.014941727742552757, 0.008987154811620712, -0.030827900394797325, 0.0, 0.0, 0.0, 0.0, 0.0, 0.0, 0.0, 0.001410502940416336, -0.4028468132019043, -1.494558334350586, -0.04374239593744278, 240.0
1121021, 0.0037771970964968204, -0.40085190534591675, -1.4976760149002075, 0.01467194501310587, 0.009068237617611885, -0.03025008924305439, 0.0, 0.0, 0.0, 0.0, 0.0, 0.0, 0.0, 0.0022585857659578323, -0.40247631072998047, -1.4943370819091797, -0.04370207339525223, 240.0
1121042, 0.0038636820390820503, -0.4008076786994934, -1.4977651834487915, 0.015213768929243088, 0.009086433798074722, -0.030491050332784653, 0.0, 0.0, 0.0, 0.0, 0.0, 0.0, 0.0, 0.0019711777567863464, -0.4024238586425781, -1.4945716857910156, -0.042578402906656265, 240.0
1121061, 0.003828279208391905, -0.4008510410785675, -1.497647762298584, 0.015075813047587872, 0.00894901156425476, -0.029871637001633644, 0.0, 0.0, 0.0, 0.0, 0.0, 0.0, 0.0, 0.001466730609536171, -0.40274906158447266, -1.4944725036621094, -0.04067269340157509, 240.0
1121081, 0.003857412375509739, -0.40082234144210815, -1.4977259635925293, 0.015300734899938107, 0.008987934328615665, -0.03072415292263031, 0.0, 0.0, 0.0, 0.0, 0.0, 0.0, 0.0, 0.0019189268350601196, -0.4025707244873047, -1.4944686889648438, -0.040232934057712555, 236.0
1121101, 0.003812941024079919, -0.4008544683456421, -1.4976428747177124, 0.01520355325192213, 0.008701849728822708, -0.030390333384275436, 0.0, 0.0, 0.0, 0.0, 0.0, 0.0, 0.0, 0.002337578684091568, -0.40259504318237305, -1.4944438934326172, -0.040516335517168045, 236.0
1121121, 0.003876399714499712, -0.400840163230896, -1.497747540473938, 0.015572606585919857, 0.008837324567139149, -0.030412733554840088, 0.0, 0.0, 0.0, 0.0, 0.0, 0.0, 0.0, 0.0018839091062545776, -0.40263795852661133, -1.4945621490478516, -0.04037810117006302, 236.0
1121141, 0.0038479764480143785, -0.4008708596229553, -1.4976381063461304, 0.01556940283626318, 0.008639266714453697, -0.029863134026527405, 0.0, 0.0, 0.0, 0.0, 0.0, 0.0, 0.0, 0.0013762731105089188, -0.40294456481933594, -1.4940052032470703, -0.0398426353931427, 236.0
1121161, 0.00379876047372818, -0.40089237689971924, -1.49753999710083, 0.015109852887690067, 0.008603253401815891, -0.02951350249350071, 0.0, 0.0, 0.0, 0.0, 0.0, 0.0, 0.0, 0.0014301948249340057, -0.40255069732666016, -1.4943695068359375, -0.039803385734558105, 236.0
1121181, 0.003874154295772314, -0.40087050199508667, -1.4976348876953125, 0.015754833817481995, 0.008562825620174408, -0.03021177649497986, 0.0, 0.0, 0.0, 0.0, 0.0, 0.0, 0.0, 0.0016404036432504654, -0.4027094841003418, -1.4944267272949219, -0.03939639404416084, 239.0
1121201, 0.003833056427538395, -0.40090271830558777, -1.4975732564926147, 0.015470854938030243, 0.008342880755662918, -0.030249973759055138, 0.0, 0.0, 0.0, 0.0, 0.0, 0.0, 0.0, 0.001706726849079132, -0.40259218215942383, -1.4945335388183594, -0.0392603762447834, 239.0
1121221, 0.003874032525345683, -0.4008858799934387, -1.4976718425750732, 0.015626851469278336, 0.008464920334517956, -0.03063163347542286, 0.0, 0.0, 0.0, 0.0, 0.0, 0.0, 0.0, 0.0014236140996217728, -0.40265989303588867, -1.4943923950195312, -0.038929469883441925, 239.0
1121241, 0.0038446648977696896, -0.4009127616882324, -1.4976097345352173, 0.015980932861566544, 0.00866597518324852, -0.030393609777092934, 0.0, 0.0, 0.0, 0.0, 0.0, 0.0, 0.0, 0.0015810728073120117, -0.402712345123291, -1.4943389892578125, -0.03858261555433273, 239.0
1121261, 0.0038172455970197916, -0.4009375274181366, -1.4975742101669312, 0.015785764902830124, 0.00839930772781372, -0.030295465141534805, 0.0, 0.0, 0.0, 0.0, 0.0, 0.0, 0.0, 0.0016093738377094269, -0.40282487869262695, -1.4944782257080078, -0.03797405958175659, 239.0
1121281, 0.0038876477628946304, -0.40089866518974304, -1.4976814985275269, 0.015994446352124214, 0.008447040803730488, -0.03111761063337326, 0.0, 0.0, 0.0, 0.0, 0.0, 0.0, 0.0, 0.0023640599101781845, -0.4023151397705078, -1.4944286346435547, -0.036310065537691116, 237.0
1121301, 0.0038627854082733393, -0.4009348154067993, -1.497642159461975, 0.016035379841923714, 0.008345584385097027, -0.03084455244243145, 0.0, 0.0, 0.0, 0.0, 0.0, 0.0, 0.0, 0.001650545746088028, -0.40274715423583984, -1.4944114685058594, -0.035287391394376755, 237.0
1121321, 0.00393826887011528, -0.4009048640727997, -1.4977589845657349, 0.01625797711312771, 0.00834670290350914, -0.03156318888068199, 0.0, 0.0, 0.0, 0.0, 0.0, 0.0, 0.0, 0.0016857609152793884, -0.4025402069091797, -1.4945144653320312, -0.036091700196266174, 237.0
1121341, 0.003895610338076949, -0.40093550086021423, -1.497710943222046, 0.015871861949563026, 0.00808642152696848, -0.03162304684519768, 0.0, 0.0, 0.0, 0.0, 0.0, 0.0, 0.0, 0.0021710526198148727, -0.40232038497924805, -1.4942646026611328, -0.03603387251496315, 237.0
1121361, 0.0038844558876007795, -0.400950163602829, -1.4976952075958252, 0.01588321477174759, 0.00801052525639534, -0.03167932853102684, 0.0, 0.0, 0.0, 0.0, 0.0, 0.0, 0.0, 0.0023817457258701324, -0.40240955352783203, -1.4943771362304688, -0.03543927147984505, 237.0
1121381, 0.003943347837775946, -0.40092793107032776, -1.4978256225585938, 0.016172774136066437, 0.008119896054267883, -0.03203693777322769, 0.0, 0.0, 0.0, 0.0, 0.0, 0.0, 0.0, 0.0016557928174734116, -0.40273237228393555, -1.494333267211914, -0.034232545644044876, 236.0
1121401, 0.003900784533470869, -0.4009459614753723, -1.4977740049362183, 0.01570848748087883, 0.008024528622627258, -0.031572941690683365, 0.0, 0.0, 0.0, 0.0, 0.0, 0.0, 0.0, 0.0018261373043060303, -0.402620792388916, -1.4943962097167969, -0.032055556774139404, 236.0
1121421, 0.003885225160047412, -0.4009568989276886, -1.4977794885635376, 0.015599319711327553, 0.008187065832316875, -0.03151118755340576, 0.0, 0.0, 0.0, 0.0, 0.0, 0.0, 0.0, 0.0016703158617019653, -0.40268945693969727, -1.4945430755615234, -0.03204703330993652, 236.0
1121442, 0.003933279309421778, -0.40093737840652466, -1.497887372970581, 0.015564990229904652, 0.008334878832101822, -0.03203277662396431, 0.0, 0.0, 0.0, 0.0, 0.0, 0.0, 0.0, 0.0016630832105875015, -0.40250539779663086, -1.4944305419921875, -0.03192061558365822, 236.0
1121461, 0.003922551404684782, -0.4009304940700531, -1.4978305101394653, 0.015324299223721027, 0.008573180064558983, -0.03149454668164253, 0.0, 0.0, 0.0, 0.0, 0.0, 0.0, 0.0, 0.0018943101167678833, -0.4025397300720215, -1.494497299194336, -0.03209910914301872, 236.0
1121481, 0.003840530291199684, -0.4009605050086975, -1.4976576566696167, 0.014856884256005287, 0.008512988686561584, -0.030592940747737885, 0.0, 0.0, 0.0, 0.0, 0.0, 0.0, 0.0, 0.0017592571675777435, -0.4027070999145508, -1.4944496154785156, -0.03107859566807747, 239.0
1121501, 0.0038058049976825714, -0.4009811580181122, -1.4976707696914673, 0.014714746735990047, 0.008207025937736034, -0.030675606802105904, 0.0, 0.0, 0.0, 0.0, 0.0, 0.0, 0.0, 0.0015966109931468964, -0.40300989151000977, -1.4944572448730469, -0.02989855408668518, 239.0
1121521, 0.0037670957390218973, -0.4010072946548462, -1.4975805282592773, 0.014590272679924965, 0.008045810274779797, -0.030087614431977272, 0.0, 0.0, 0.0, 0.0, 0.0, 0.0, 0.0, 0.0019883718341588974, -0.40267515182495117, -1.4944190979003906, -0.030039627104997635, 239.0
1121542, 0.0037925178185105324, -0.4009797275066376, -1.4976621866226196, 0.01479027047753334, 0.008224661462008953, -0.030281633138656616, 0.0, 0.0, 0.0, 0.0, 0.0, 0.0, 0.0, 0.0021183621138334274, -0.4024510383605957, -1.4942893981933594, -0.030006326735019684, 239.0
1121561, 0.003799107624217868, -0.40098074078559875, -1.4976202249526978, 0.014837566763162613, 0.008086949586868286, -0.02991594187915325, 0.0, 0.0, 0.0, 0.0, 0.0, 0.0, 0.0, 0.0023292824625968933, -0.4024534225463867, -1.4943580627441406, -0.0305797029286623, 239.0
1121581, 0.003834434552118182, -0.40096235275268555, -1.497735857963562, 0.015022562816739082, 0.007893105037510395, -0.03022090159356594, 0.0, 0.0, 0.0, 0.0, 0.0, 0.0, 0.0, 0.0017145592719316483, -0.40270090103149414, -1.4945087432861328, -0.029091235250234604, 234.0
1121601, 0.0037921869661659002, -0.40098756551742554, -1.4976301193237305, 0.014569276943802834, 0.007975330576300621, -0.029452012851834297, 0.0, 0.0, 0.0, 0.0, 0.0, 0.0, 0.0, 0.0017926953732967377, -0.40271806716918945, -1.4944820404052734, -0.02885376662015915, 234.0
1121621, 0.003847084939479828, -0.400967538356781, -1.4977080821990967, 0.01468261145055294, 0.00799228809773922, -0.029430892318487167, 0.0, 0.0, 0.0, 0.0, 0.0, 0.0, 0.0, 0.002408243715763092, -0.4024834632873535, -1.4943981170654297, -0.030227556824684143, 234.0
1121641, 0.003812268143519759, -0.40098562836647034, -1.4975897073745728, 0.014554163441061974, 0.008011207915842533, -0.02893800102174282, 0.0, 0.0, 0.0, 0.0, 0.0, 0.0, 0.0, 0.0014667324721813202, -0.4027695655822754, -1.4943084716796875, -0.03699621558189392, 234.0
1121661, 0.0037464427296072245, -0.400998592376709, -1.4974842071533203, 0.014241375029087067, 0.008399249985814095, -0.02859032340347767, 0.0, 0.0, 0.0, 0.0, 0.0, 0.0, 0.0, 0.0014383234083652496, -0.4025568962097168, -1.4944629669189453, -0.036978770047426224, 234.0
1121681, 0.0037996917963027954, -0.40097662806510925, -1.4975531101226807, 0.014584118500351906, 0.008533802814781666, -0.028984444215893745, 0.0, 0.0, 0.0, 0.0, 0.0, 0.0, 0.0, 0.001676805317401886, -0.40291929244995117, -1.494424819946289, -0.037545379251241684, 239.0
1121701, 0.0037123796064406633, -0.4010013937950134, -1.4974533319473267, 0.014167554676532745, 0.008529766462743282, -0.028469787910580635, 0.0, 0.0, 0.0, 0.0, 0.0, 0.0, 0.0, 0.0020863674581050873, -0.40233469009399414, -1.4944820404052734, -0.03761206567287445, 239.0
1121721, 0.0037843938916921616, -0.4009535312652588, -1.4975368976593018, 0.01430303230881691, 0.008855011314153671, -0.02909366972744465, 0.0, 0.0, 0.0, 0.0, 0.0, 0.0, 0.0, 0.0023804474622011185, -0.4023427963256836, -1.4943294525146484, -0.04468950256705284, 239.0
1121741, 0.003726848168298602, -0.4009706377983093, -1.4974639415740967, 0.013923372142016888, 0.008793685585260391, -0.029080834239721298, 0.0, 0.0, 0.0, 0.0, 0.0, 0.0, 0.0, 0.001616116613149643, -0.40288496017456055, -1.4944477081298828, -0.04337742552161217, 239.0
1121761, 0.0036980416625738144, -0.40097907185554504, -1.4973918199539185, 0.014045157469809055, 0.008834072388708591, -0.028796283528208733, 0.0, 0.0, 0.0, 0.0, 0.0, 0.0, 0.0, 0.002202896401286125, -0.40235471725463867, -1.494405746459961, -0.042771756649017334, 239.0
1121781, 0.0037087860982865095, -0.4009483754634857, -1.4974864721298218, 0.014094380661845207, 0.009070545434951782, -0.029599111527204514, 0.0, 0.0, 0.0, 0.0, 0.0, 0.0, 0.0, 0.001499442383646965, -0.40279388427734375, -1.494384765625, -0.04691922664642334, 237.0
1121801, 0.003677763044834137, -0.4009649455547333, -1.4974253177642822, 0.014120140112936497, 0.008953774347901344, -0.02966378629207611, 0.0, 0.0, 0.0, 0.0, 0.0, 0.0, 0.0, 0.0018058046698570251, -0.4028129577636719, -1.494485855102539, -0.04846033826470375, 237.0
1121821, 0.0036622111219912767, -0.4009600579738617, -1.497389793395996, 0.013939143158495426, 0.008943724445998669, -0.029430842027068138, 0.0, 0.0, 0.0, 0.0, 0.0, 0.0, 0.0, 0.002324134111404419, -0.40244197845458984, -1.49444580078125, -0.047269366681575775, 237.0
1121841, 0.003715363796800375, -0.4009239077568054, -1.497548222541809, 0.014386722818017006, 0.008818122558295727, -0.030185192823410034, 0.0, 0.0, 0.0, 0.0, 0.0, 0.0, 0.0, 0.0014949850738048553, -0.4027833938598633, -1.4943714141845703, -0.04857334494590759, 237.0
1121861, 0.0037042153999209404, -0.4009266793727875, -1.4974883794784546, 0.014114907942712307, 0.008649374358355999, -0.03017340414226055, 0.0, 0.0, 0.0, 0.0, 0.0, 0.0, 0.0, 0.0018444322049617767, -0.4027590751647949, -1.4945392608642578, -0.048807356506586075, 237.0
1121881, 0.003764637280255556, -0.4008837342262268, -1.4976246356964111, 0.014596071094274521, 0.008914465084671974, -0.030872493982315063, 0.0, 0.0, 0.0, 0.0, 0.0, 0.0, 0.0, 0.00152529776096344, -0.4028897285461426, -1.4944419860839844, -0.04845435172319412, 241.0
1121901, 0.0037288349121809006, -0.4009150564670563, -1.4975600242614746, 0.01457266230136156, 0.008969772607088089, -0.030415242537856102, 0.0, 0.0, 0.0, 0.0, 0.0, 0.0, 0.0, 0.001982763409614563, -0.4026341438293457, -1.4944686889648438, -0.04778429865837097, 241.0
1121921, 0.003751179901883006, -0.40089166164398193, -1.497678279876709, 0.014870566315948963, 0.009083259850740433, -0.03076297603547573, 0.0, 0.0, 0.0, 0.0, 0.0, 0.0, 0.0, 0.001558259129524231, -0.4028177261352539, -1.4943885803222656, -0.04730219766497612, 241.0
1121941, 0.0037562462966889143, -0.40088969469070435, -1.497652292251587, 0.014821910299360752, 0.009177548810839653, -0.030852412804961205, 0.0, 0.0, 0.0, 0.0, 0.0, 0.0, 0.0, 0.0018377844244241714, -0.40251588821411133, -1.4945182800292969, -0.04595065861940384, 241.0
1121961, 0.0037304505240172148, -0.40090686082839966, -1.4975908994674683, 0.014832189306616783, 0.008983737789094448, -0.030346866697072983, 0.0, 0.0, 0.0, 0.0, 0.0, 0.0, 0.0, 0.0016961712390184402, -0.4026203155517578, -1.4943904876708984, -0.04586218670010567, 241.0
1121982, 0.0037977315951138735, -0.40086427330970764, -1.4977195262908936, 0.015155388042330742, 0.00898412149399519, -0.031108815222978592, 0.0, 0.0, 0.0, 0.0, 0.0, 0.0, 0.0, 0.0017094090580940247, -0.4027414321899414, -1.4944839477539062, -0.04481948912143707, 240.0
1122001, 0.0037746308371424675, -0.4008885324001312, -1.4976520538330078, 0.014786846935749054, 0.008762870915234089, -0.030841903761029243, 0.0, 0.0, 0.0, 0.0, 0.0, 0.0, 0.0, 0.002369482070207596, -0.4023323059082031, -1.4944572448730469, -0.04316239431500435, 240.0
1122021, 0.0038082667160779238, -0.4008638262748718, -1.4977601766586304, 0.015033261850476265, 0.00860065408051014, -0.03128500655293465, 0.0, 0.0, 0.0, 0.0, 0.0, 0.0, 0.0, 0.0021608062088489532, -0.40250062942504883, -1.4942855834960938, -0.044369105249643326, 240.0
1122041, 0.003864614525809884, -0.400854229927063, -1.4977446794509888, 0.015242713503539562, 0.008543947711586952, -0.030633792281150818, 0.0, 0.0, 0.0, 0.0, 0.0, 0.0, 0.0, 0.002354329451918602, -0.40237998962402344, -1.4943790435791016, -0.043200500309467316, 240.0
1122061, 0.003793464507907629, -0.40090426802635193, -1.4976637363433838, 0.014944052323698997, 0.008419152349233627, -0.02997616119682789, 0.0, 0.0, 0.0, 0.0, 0.0, 0.0, 0.0, 0.00124305859208107, -0.40282392501831055, -1.4945487976074219, -0.04436629265546799, 240.0
1122082, 0.0038244484458118677, -0.4008861780166626, -1.4977636337280273, 0.015214052982628345, 0.008221580646932125, -0.030414627864956856, 0.0, 0.0, 0.0, 0.0, 0.0, 0.0, 0.0, 0.0016063936054706573, -0.40270328521728516, -1.494476318359375, -0.043585583567619324, 236.0
1122101, 0.0038030717987567186, -0.40092089772224426, -1.4976482391357422, 0.01506800763309002, 0.008373560383915901, -0.02983318455517292, 0.0, 0.0, 0.0, 0.0, 0.0, 0.0, 0.0, 0.0018933787941932678, -0.40264463424682617, -1.4944305419921875, -0.0443330742418766, 236.0
1122121, 0.003750888630747795, -0.40093886852264404, -1.4975699186325073, 0.014780743978917599, 0.008452320471405983, -0.0299809779971838, 0.0, 0.0, 0.0, 0.0, 0.0, 0.0, 0.0, 0.0019051730632781982, -0.4028449058532715, -1.4944820404052734, -0.05161106213927269, 236.0
1122142, 0.003828834742307663, -0.4008980989456177, -1.4976855516433716, 0.014926758594810963, 0.008972703479230404, -0.030493779107928276, 0.0, 0.0, 0.0, 0.0, 0.0, 0.0, 0.0, 0.001537742093205452, -0.40269947052001953, -1.4944896697998047, -0.05057337135076523, 236.0
1122161, 0.003766109235584736, -0.40093961358070374, -1.4975886344909668, 0.014624422416090965, 0.008754889480769634, -0.029677219688892365, 0.0, 0.0, 0.0, 0.0, 0.0, 0.0, 0.0, 0.002156827598810196, -0.4025282859802246, -1.4943981170654297, -0.05002569779753685, 236.0
1122182, 0.003809697227552533, -0.4009045362472534, -1.497680425643921, 0.014967071823775768, 0.00878064800053835, -0.029881712049245834, 0.0, 0.0, 0.0, 0.0, 0.0, 0.0, 0.0, 0.0016364995390176773, -0.40264892578125, -1.4945030212402344, -0.04913492500782013, 239.0
1122201, 0.003788831178098917, -0.4009120762348175, -1.4975754022598267, 0.015007476322352886, 0.009045947343111038, -0.029042815789580345, 0.0, 0.0, 0.0, 0.0, 0.0, 0.0, 0.0, 0.0021445993334054947, -0.40254640579223633, -1.4943065643310547, -0.049003757536411285, 239.0
1122221, 0.0038463769014924765, -0.400898814201355, -1.497657060623169, 0.01510767824947834, 0.009078963659703732, -0.02954729273915291, 0.0, 0.0, 0.0, 0.0, 0.0, 0.0, 0.0, 0.0019308049231767654, -0.40276479721069336, -1.4944190979003906, -0.04894391447305679, 239.0
1122241, 0.0038215522654354572, -0.4009040892124176, -1.4975666999816895, 0.01487236749380827, 0.008697101846337318, -0.028935158625245094, 0.0, 0.0, 0.0, 0.0, 0.0, 0.0, 0.0, 0.0013388842344284058, -0.40259790420532227, -1.4943275451660156, -0.0481417290866375, 239.0
1122261, 0.0037568567786365747, -0.4009383022785187, -1.4974555969238281, 0.014681074768304825, 0.008210009895265102, -0.028653748333454132, 0.0, 0.0, 0.0, 0.0, 0.0, 0.0, 0.0, 0.0015461258590221405, -0.40254831314086914, -1.4944171905517578, -0.0479385145008564, 239.0
1122281, 0.003805437358096242, -0.4009147584438324, -1.4975372552871704, 0.014896290376782417, 0.008326099254190922, -0.029103901237249374, 0.0, 0.0, 0.0, 0.0, 0.0, 0.0, 0.0, 0.0015334784984588623, -0.4025235176086426, -1.4944343566894531, -0.04924326390028, 239.0
1122301, 0.003756400663405657, -0.40094491839408875, -1.4974347352981567, 0.01468050666153431, 0.00844633299857378, -0.028593476861715317, 0.0, 0.0, 0.0, 0.0, 0.0, 0.0, 0.0, 0.002285543829202652, -0.4024524688720703, -1.4944229125976562, -0.04857682064175606, 239.0
1122321, 0.0037946838419884443, -0.4009383022785187, -1.4975273609161377, 0.015130952000617981, 0.008530860766768456, -0.028988612815737724, 0.0, 0.0, 0.0, 0.0, 0.0, 0.0, 0.0, 0.0019164308905601501, -0.40273332595825195, -1.4945049285888672, -0.04771348461508751, 239.0
1122341, 0.0037613881286233664, -0.4009433686733246, -1.4974719285964966, 0.015290752984583378, 0.008605270646512508, -0.029208652675151825, 0.0, 0.0, 0.0, 0.0, 0.0, 0.0, 0.0, 0.0018724147230386734, -0.40253782272338867, -1.4945487976074219, -0.04806699603796005, 239.0
1122361, 0.0037487575318664312, -0.40096694231033325, -1.4973955154418945, 0.015518895350396633, 0.008594079874455929, -0.028960920870304108, 0.0, 0.0, 0.0, 0.0, 0.0, 0.0, 0.0, 0.001803876832127571, -0.402681827545166, -1.4943885803222656, -0.048859890550374985, 239.0
1122381, 0.0038204356096684933, -0.4009345471858978, -1.4975206851959229, 0.01582995615899563, 0.008631035685539246, -0.029768235981464386, 0.0, 0.0, 0.0, 0.0, 0.0, 0.0, 0.0, 0.0018058046698570251, -0.40266895294189453, -1.4945259094238281, -0.048145562410354614, 236.0
1122401, 0.0038069267757236958, -0.4009508192539215, -1.4974669218063354, 0.015546699985861778, 0.008599801920354366, -0.02951272390782833, 0.0, 0.0, 0.0, 0.0, 0.0, 0.0, 0.0, 0.0016366150230169296, -0.4026613235473633, -1.4943218231201172, -0.04801729694008827, 236.0
1122421, 0.003838096046820283, -0.4009186327457428, -1.497576355934143, 0.015416154637932777, 0.00850361492484808, -0.03004748933017254, 0.0, 0.0, 0.0, 0.0, 0.0, 0.0, 0.0, 0.0021294038742780685, -0.40253114700317383, -1.4942913055419922, -0.04703233763575554, 236.0
1122441, 0.0038509839214384556, -0.4009273946285248, -1.4975509643554688, 0.015266831032931805, 0.008546678349375725, -0.030193621292710304, 0.0, 0.0, 0.0, 0.0, 0.0, 0.0, 0.0, 0.002385232597589493, -0.4024372100830078, -1.4944629669189453, -0.04657186567783356, 236.0
1122461, 0.003779809456318617, -0.4009540379047394, -1.497493028640747, 0.015010351315140724, 0.008488562889397144, -0.030223563313484192, 0.0, 0.0, 0.0, 0.0, 0.0, 0.0, 0.0, 0.0015423726290464401, -0.4027571678161621, -1.4943408966064453, -0.047133997082710266, 236.0
1122481, 0.0038783487398177385, -0.4009106457233429, -1.4976248741149902, 0.01556493528187275, 0.00864563137292862, -0.031098665669560432, 0.0, 0.0, 0.0, 0.0, 0.0, 0.0, 0.0, 0.0015650689601898193, -0.40277099609375, -1.4943962097167969, -0.04666675999760628, 237.0
1122501, 0.0038025847170501947, -0.4009343087673187, -1.4975697994232178, 0.015077418647706509, 0.008694978430867195, -0.030900027602910995, 0.0, 0.0, 0.0, 0.0, 0.0, 0.0, 0.0, 0.0013939160853624344, -0.40273380279541016, -1.4944934844970703, -0.04715898260474205, 237.0
1122521, 0.003869067644700408, -0.40089932084083557, -1.4977121353149414, 0.015246471390128136, 0.008838868699967861, -0.031867220997810364, 0.0, 0.0, 0.0, 0.0, 0.0, 0.0, 0.0, 0.0019417908042669296, -0.4025273323059082, -1.4943389892578125, -0.04605090618133545, 237.0
1122541, 0.00382837001234293, -0.40091943740844727, -1.4977138042449951, 0.015382686629891396, 0.00897738616913557, -0.0320429652929306, 0.0, 0.0, 0.0, 0.0, 0.0, 0.0, 0.0, 0.0016462374478578568, -0.40283823013305664, -1.4945087432861328, -0.04517235606908798, 237.0
1122561, 0.00387678318656981, -0.40088367462158203, -1.497740626335144, 0.015747198835015297, 0.009060759097337723, -0.03223209083080292, 0.0, 0.0, 0.0, 0.0, 0.0, 0.0, 0.0, 0.002674812451004982, -0.4022374153137207, -1.4945831298828125, -0.044236499816179276, 237.0
1122582, 0.003912283107638359, -0.4008725583553314, -1.497876524925232, 0.01586879976093769, 0.009051697328686714, -0.03305429220199585, 0.0, 0.0, 0.0, 0.0, 0.0, 0.0, 0.0, 0.0012928172945976257, -0.4032888412475586, -1.4941539764404297, -0.043754640966653824, 237.0
1122601, 0.0038693014066666365, -0.4008784592151642, -1.4978342056274414, 0.015937412157654762, 0.009154528379440308, -0.0325402095913887, 0.0, 0.0, 0.0, 0.0, 0.0, 0.0, 0.0, 0.0017031114548444748, -0.4026637077331543, -1.4944229125976562, -0.04457965865731239, 237.0
1122621, 0.0037796497344970703, -0.4009316861629486, -1.497637152671814, 0.015430621802806854, 0.00897383876144886, -0.0314689576625824, 0.0, 0.0, 0.0, 0.0, 0.0, 0.0, 0.0, 0.0020224638283252716, -0.4028801918029785, -1.4941730499267578, -0.043942488729953766, 237.0
1122641, 0.003915480338037014, -0.40085744857788086, -1.497901201248169, 0.015707839280366898, 0.008895899169147015, -0.03259787708520889, 0.0, 0.0, 0.0, 0.0, 0.0, 0.0, 0.0, 0.0024769622832536697, -0.40232372283935547, -1.4945240020751953, -0.043711964040994644, 237.0
1122661, 0.003876129165291786, -0.40086302161216736, -1.4978388547897339, 0.015531281940639019, 0.008801629766821861, -0.03210273012518883, 0.0, 0.0, 0.0, 0.0, 0.0, 0.0, 0.0, 0.0015708673745393753, -0.40274763107299805, -1.4944686889648438, -0.04390915110707283, 237.0
1122681, 0.0037517377641052008, -0.400934636592865, -1.4976143836975098, 0.014998319558799267, 0.008570095524191856, -0.030967161059379578, 0.0, 0.0, 0.0, 0.0, 0.0, 0.0, 0.0, 0.0019945986568927765, -0.4021434783935547, -1.4943313598632812, -0.04320326820015907, 236.0
1122701, 0.0039055037777870893, -0.40086302161216736, -1.4978492259979248, 0.015081224031746387, 0.008525589480996132, -0.0313313864171505, 0.0, 0.0, 0.0, 0.0, 0.0, 0.0, 0.0, 0.002183981239795685, -0.4024639129638672, -1.4945430755615234, -0.04354330152273178, 236.0
1122721, 0.003785801585763693, -0.4009270966053009, -1.4976348876953125, 0.0146615169942379, 0.008456168696284294, -0.03021075762808323, 0.0, 0.0, 0.0, 0.0, 0.0, 0.0, 0.0, 0.0013181660324335098, -0.4027233123779297, -1.4943714141845703, -0.0426170714199543, 236.0
1122741, 0.0038658366538584232, -0.40086987614631653, -1.4978468418121338, 0.0148936677724123, 0.008323672227561474, -0.030791614204645157, 0.0, 0.0, 0.0, 0.0, 0.0, 0.0, 0.0, 0.0016473662108182907, -0.40255022048950195, -1.4943695068359375, -0.04649226367473602, 236.0
1122761, 0.003829107852652669, -0.4009018540382385, -1.4977264404296875, 0.015053278766572475, 0.008031807839870453, -0.029966626316308975, 0.0, 0.0, 0.0, 0.0, 0.0, 0.0, 0.0, 0.0021412409842014313, -0.40240001678466797, -1.4944725036621094, -0.047902897000312805, 236.0
1122781, 0.0038974457420408726, -0.40088602900505066, -1.4978203773498535, 0.015031841583549976, 0.007942866533994675, -0.030944427475333214, 0.0, 0.0, 0.0, 0.0, 0.0, 0.0, 0.0, 0.001549677923321724, -0.40278100967407227, -1.4946136474609375, -0.04852893948554993, 240.0
1122801, 0.00368954217992723, -0.40100470185279846, -1.4974167346954346, 0.014081913977861404, 0.0077027445659041405, -0.028852419927716255, 0.0, 0.0, 0.0, 0.0, 0.0, 0.0, 0.0, 0.0019378401339054108, -0.4023618698120117, -1.4943485260009766, -0.047535307705402374, 240.0
1122821, 0.003739995416253805, -0.4009914994239807, -1.4975001811981201, 0.014474262483417988, 0.007906701415777206, -0.029372507706284523, 0.0, 0.0, 0.0, 0.0, 0.0, 0.0, 0.0, 0.0016981512308120728, -0.40283632278442383, -1.4943962097167969, -0.04741920530796051, 240.0
1122841, 0.003682086244225502, -0.4010332524776459, -1.4973949193954468, 0.014440386556088924, 0.0076545546762645245, -0.02895548939704895, 0.0, 0.0, 0.0, 0.0, 0.0, 0.0, 0.0, 0.0013750866055488586, -0.40285253524780273, -1.4944171905517578, -0.05457627400755882, 240.0
1122861, 0.0036407222505658865, -0.40107664465904236, -1.497310757637024, 0.014597457833588123, 0.007697230204939842, -0.028720146045088768, 0.0, 0.0, 0.0, 0.0, 0.0, 0.0, 0.0, 0.0016954317688941956, -0.40276145935058594, -1.4944477081298828, -0.054262660443782806, 240.0
1122881, 0.003698650747537613, -0.4010462462902069, -1.4974032640457153, 0.015124666504561901, 0.007982454262673855, -0.029404709115624428, 0.0, 0.0, 0.0, 0.0, 0.0, 0.0, 0.0, 0.0018674656748771667, -0.40251588821411133, -1.4944820404052734, -0.05303386226296425, 238.0
1122901, 0.0036688109394162893, -0.40105554461479187, -1.4973375797271729, 0.014938989654183388, 0.008143170736730099, -0.029147151857614517, 0.0, 0.0, 0.0, 0.0, 0.0, 0.0, 0.0, 0.002041613683104515, -0.4022502899169922, -1.4943084716796875, -0.05345712602138519, 238.0
1122921, 0.0037429803051054478, -0.4010223150253296, -1.4974479675292969, 0.014948786236345768, 0.008501561358571053, -0.029785221442580223, 0.0, 0.0, 0.0, 0.0, 0.0, 0.0, 0.0, 0.0017788484692573547, -0.40270423889160156, -1.4944076538085938, -0.059089723974466324, 238.0
1122941, 0.003698323154821992, -0.40103358030319214, -1.4973716735839844, 0.014992107637226582, 0.008584464900195599, -0.02944055013358593, 0.0, 0.0, 0.0, 0.0, 0.0, 0.0, 0.0, 0.0014868900179862976, -0.40248632431030273, -1.4942703247070312, -0.057553280144929886, 238.0
1122961, 0.003735038684681058, -0.4010069966316223, -1.4974792003631592, 0.015151042491197586, 0.008924348279833794, -0.030059874057769775, 0.0, 0.0, 0.0, 0.0, 0.0, 0.0, 0.0, 0.0015981700271368027, -0.40265989303588867, -1.4945259094238281, -0.06421012431383133, 238.0
1122981, 0.003763638436794281, -0.4010005295276642, -1.4974331855773926, 0.015492974780499935, 0.009027534164488316, -0.02981344237923622, 0.0, 0.0, 0.0, 0.0, 0.0, 0.0, 0.0, 0.0017465483397245407, -0.4025998115539551, -1.49444580078125, -0.06536142528057098, 238.0
1123001, 0.003697155276313424, -0.4010120630264282, -1.4973835945129395, 0.01514355093240738, 0.009273800067603588, -0.029654942452907562, 0.0, 0.0, 0.0, 0.0, 0.0, 0.0, 0.0, 0.001900218427181244, -0.4024629592895508, -1.494302749633789, -0.06427645683288574, 238.0
1123022, 0.0037628444842994213, -0.40095528960227966, -1.4974950551986694, 0.015359997749328613, 0.009294894523918629, -0.03028729557991028, 0.0, 0.0, 0.0, 0.0, 0.0, 0.0, 0.0, 0.001891089603304863, -0.40256309509277344, -1.4943485260009766, -0.06297366321086884, 238.0
1123041, 0.0037323522847145796, -0.4009742736816406, -1.4974489212036133, 0.01524578221142292, 0.009006164036691189, -0.03044619970023632, 0.0, 0.0, 0.0, 0.0, 0.0, 0.0, 0.0, 0.0019415896385908127, -0.40233421325683594, -1.4943466186523438, -0.06362257897853851, 238.0
1123061, 0.0037041534669697285, -0.400982528924942, -1.4974194765090942, 0.01516093872487545, 0.008797021582722664, -0.030860356986522675, 0.0, 0.0, 0.0, 0.0, 0.0, 0.0, 0.0, 0.0014651436358690262, -0.40258359909057617, -1.494436264038086, -0.06210533156991005, 238.0
1123081, 0.0037726738955825567, -0.4009340703487396, -1.4975675344467163, 0.015078617259860039, 0.00905176717787981, -0.03131609782576561, 0.0, 0.0, 0.0, 0.0, 0.0, 0.0, 0.0, 0.0017704665660858154, -0.4025254249572754, -1.4943809509277344, -0.0610247403383255, 242.0
1123101, 0.003908408340066671, -0.40086326003074646, -1.4978382587432861, 0.015463041141629219, 0.0090125547721982, -0.03235660865902901, 0.0, 0.0, 0.0, 0.0, 0.0, 0.0, 0.0, 0.0018276125192642212, -0.4028587341308594, -1.494558334350586, -0.05931687355041504, 242.0
1123122, 0.0037919143214821815, -0.40091854333877563, -1.497623085975647, 0.01509991753846407, 0.008953502401709557, -0.031466711312532425, 0.0, 0.0, 0.0, 0.0, 0.0, 0.0, 0.0, 0.0013823695480823517, -0.4026145935058594, -1.4943294525146484, -0.0588027760386467, 242.0
1123141, 0.0037151763681322336, -0.40095990896224976, -1.4975665807724, 0.014949568547308445, 0.00876800250262022, -0.03124319203197956, 0.0, 0.0, 0.0, 0.0, 0.0, 0.0, 0.0, 0.001462562009692192, -0.40291786193847656, -1.4944572448730469, -0.058351270854473114, 242.0
1123161, 0.0038517937064170837, -0.4008771777153015, -1.4978454113006592, 0.015661142766475677, 0.008742546662688255, -0.03244643285870552, 0.0, 0.0, 0.0, 0.0, 0.0, 0.0, 0.0, 0.002536999061703682, -0.40232229232788086, -1.4943065643310547, -0.05840182304382324, 242.0
1123182, 0.0037919154856354, -0.40091672539711, -1.4977014064788818, 0.015444623306393623, 0.008493917994201183, -0.0316825769841671, 0.0, 0.0, 0.0, 0.0, 0.0, 0.0, 0.0, 0.0013011135160923004, -0.40278053283691406, -1.4942588806152344, -0.05769968032836914, 239.0
1123201, 0.003764788154512644, -0.40093860030174255, -1.4976619482040405, 0.015121432021260262, 0.008496635593473911, -0.0312288049608469, 0.0, 0.0, 0.0, 0.0, 0.0, 0.0, 0.0, 0.0016967207193374634, -0.4026784896850586, -1.4943370819091797, -0.05675794929265976, 239.0
1123221, 0.0037859678268432617, -0.4009282886981964, -1.4977428913116455, 0.015295342542231083, 0.008806226775050163, -0.0311952643096447, 0.0, 0.0, 0.0, 0.0, 0.0, 0.0, 0.0, 0.0018414035439491272, -0.40261363983154297, -1.4944686889648438, -0.05435366928577423, 239.0
1123241, 0.0037982070352882147, -0.40091627836227417, -1.4977118968963623, 0.015225691720843315, 0.008885388262569904, -0.03100663237273693, 0.0, 0.0, 0.0, 0.0, 0.0, 0.0, 0.0, 0.001865088939666748, -0.40260744094848633, -1.4945297241210938, -0.05414669215679169, 239.0
1123261, 0.003829158842563629, -0.40090692043304443, -1.4977086782455444, 0.015496582724153996, 0.008580455556511879, -0.03080087900161743, 0.0, 0.0, 0.0, 0.0, 0.0, 0.0, 0.0, 0.0018400661647319794, -0.4027729034423828, -1.4942150115966797, -0.06050773710012436, 239.0
1123282, 0.003920455928891897, -0.4008667767047882, -1.4978762865066528, 0.015675615519285202, 0.00833161547780037, -0.03132500872015953, 0.0, 0.0, 0.0, 0.0, 0.0, 0.0, 0.0, 0.00170191191136837, -0.4028487205505371, -1.494466781616211, -0.06118229776620865, 244.0
1123301, 0.0038789224345237017, -0.4009019732475281, -1.4977377653121948, 0.015467917546629906, 0.00833691656589508, -0.030400468036532402, 0.0, 0.0, 0.0, 0.0, 0.0, 0.0, 0.0, 0.0015536323189735413, -0.4026474952697754, -1.4943695068359375, -0.06241574510931969, 244.0
1123321, 0.0039026413578540087, -0.4008899927139282, -1.4978148937225342, 0.015372184105217457, 0.008246964775025845, -0.03041623905301094, 0.0, 0.0, 0.0, 0.0, 0.0, 0.0, 0.0, 0.0012989267706871033, -0.4026360511779785, -1.4944515228271484, -0.06190411001443863, 244.0
1123341, 0.0038415202870965004, -0.4009319245815277, -1.4976894855499268, 0.014947635121643543, 0.008335107006132603, -0.029648493975400925, 0.0, 0.0, 0.0, 0.0, 0.0, 0.0, 0.0, 0.0017725061625242233, -0.40258359909057617, -1.4943408966064453, -0.06192187964916229, 244.0
1123361, 0.0039026103913784027, -0.4008955955505371, -1.4977412223815918, 0.014997371472418308, 0.008313711732625961, -0.029682355001568794, 0.0, 0.0, 0.0, 0.0, 0.0, 0.0, 0.0, 0.0016914848238229752, -0.4026308059692383, -1.4943161010742188, -0.06165940314531326, 244.0
1123381, 0.0038321753963828087, -0.4009351134300232, -1.4976369142532349, 0.014765765517950058, 0.008143721148371696, -0.02915307693183422, 0.0, 0.0, 0.0, 0.0, 0.0, 0.0, 0.0, 0.0012921933084726334, -0.4025745391845703, -1.4943923950195312, -0.0620344877243042, 240.0
1123401, 0.0037755491212010384, -0.40095755457878113, -1.4975062608718872, 0.014588689431548119, 0.008265716955065727, -0.02870761603116989, 0.0, 0.0, 0.0, 0.0, 0.0, 0.0, 0.0, 0.0021423883736133575, -0.40240955352783203, -1.4944896697998047, -0.06193431839346886, 240.0
1123421, 0.00382409174926579, -0.4009418189525604, -1.497581124305725, 0.015110679902136326, 0.008416426368057728, -0.02903715707361698, 0.0, 0.0, 0.0, 0.0, 0.0, 0.0, 0.0, 0.0022233203053474426, -0.4025740623474121, -1.4943714141845703, -0.06364033371210098, 240.0
1123441, 0.0037966470699757338, -0.4009646475315094, -1.497492790222168, 0.015063999220728874, 0.008053388446569443, -0.02907726727426052, 0.0, 0.0, 0.0, 0.0, 0.0, 0.0, 0.0, 0.0016166158020496368, -0.4028334617614746, -1.4943370819091797, -0.0647895336151123, 240.0
1123461, 0.00383305293507874, -0.40095436573028564, -1.4975903034210205, 0.0152635732665658, 0.008058854378759861, -0.030243268236517906, 0.0, 0.0, 0.0, 0.0, 0.0, 0.0, 0.0, 0.001678571105003357, -0.4026165008544922, -1.4944438934326172, -0.06518418341875076, 240.0
1123481, 0.0038368855603039265, -0.40097686648368835, -1.4975439310073853, 0.015790339559316635, 0.008341233246028423, -0.030598320066928864, 0.0, 0.0, 0.0, 0.0, 0.0, 0.0, 0.0, 0.001909760758280754, -0.40268707275390625, -1.4944705963134766, -0.0708218589425087, 238.0
1123501, 0.0038082683458924294, -0.40098950266838074, -1.497473955154419, 0.0156557634472847, 0.008077246136963367, -0.03014441765844822, 0.0, 0.0, 0.0, 0.0, 0.0, 0.0, 0.0, 0.00157950259745121, -0.40273141860961914, -1.4944801330566406, -0.07025441527366638, 238.0
1123521, 0.003876747563481331, -0.4009477198123932, -1.4976032972335815, 0.016249045729637146, 0.00830758921802044, -0.030748970806598663, 0.0, 0.0, 0.0, 0.0, 0.0, 0.0, 0.0, 0.0013067945837974548, -0.4026656150817871, -1.4944820404052734, -0.06939658522605896, 238.0
1123541, 0.0038381211925297976, -0.4009908437728882, -1.497550129890442, 0.0161619633436203, 0.008201299235224724, -0.03042270429432392, 0.0, 0.0, 0.0, 0.0, 0.0, 0.0, 0.0, 0.0014475807547569275, -0.40283727645874023, -1.4943904876708984, -0.06753600388765335, 238.0
1123561, 0.003948915284126997, -0.4009411633014679, -1.497666835784912, 0.016235796734690666, 0.00829220935702324, -0.031193815171718597, 0.0, 0.0, 0.0, 0.0, 0.0, 0.0, 0.0, 0.0022064857184886932, -0.4023871421813965, -1.4944000244140625, -0.06653553992509842, 238.0
1123581, 0.0038895057514309883, -0.4009694755077362, -1.4976359605789185, 0.015850581228733063, 0.008407095447182655, -0.031175468116998672, 0.0, 0.0, 0.0, 0.0, 0.0, 0.0, 0.0, 0.0011874418705701828, -0.40293312072753906, -1.494344711303711, -0.06583455204963684, 238.0
1123601, 0.0038469606079161167, -0.40099218487739563, -1.497583031654358, 0.015434392727911472, 0.008471785113215446, -0.031010784208774567, 0.0, 0.0, 0.0, 0.0, 0.0, 0.0, 0.0, 0.00217297300696373, -0.40238142013549805, -1.4944286346435547, -0.06432078033685684, 238.0
1123621, 0.003945229109376669, -0.4009453058242798, -1.4977134466171265, 0.01586071029305458, 0.008228931576013565, -0.031683143228292465, 0.0, 0.0, 0.0, 0.0, 0.0, 0.0, 0.0, 0.002458147704601288, -0.40233612060546875, -1.494314193725586, -0.06377817690372467, 238.0
1123641, 0.0039040802512317896, -0.4009550213813782, -1.4976882934570312, 0.015783101320266724, 0.008291884325444698, -0.03148631006479263, 0.0, 0.0, 0.0, 0.0, 0.0, 0.0, 0.0, 0.0013263747096061707, -0.40272951126098633, -1.4945945739746094, -0.06229294836521149, 238.0
1123661, 0.0039506759494543076, -0.40094566345214844, -1.4978164434432983, 0.01634899713099003, 0.007908890955150127, -0.031884584575891495, 0.0, 0.0, 0.0, 0.0, 0.0, 0.0, 0.0, 0.0018664244562387466, -0.40288639068603516, -1.4945087432861328, -0.06221999228000641, 238.0
1123681, 0.003936908673495054, -0.400972843170166, -1.4977774620056152, 0.01625080034136772, 0.007703552022576332, -0.03183041140437126, 0.0, 0.0, 0.0, 0.0, 0.0, 0.0, 0.0, 0.001760357990860939, -0.40267181396484375, -1.4944896697998047, -0.06119599565863609, 239.0
1123701, 0.0038824824150651693, -0.4010021388530731, -1.4977062940597534, 0.015977008268237114, 0.008001862093806267, -0.03128904849290848, 0.0, 0.0, 0.0, 0.0, 0.0, 0.0, 0.0, 0.0018352307379245758, -0.4024968147277832, -1.4944820404052734, -0.06028756871819496, 239.0
1123722, 0.003968725446611643, -0.4009592533111572, -1.497833251953125, 0.016461100429296494, 0.008406960405409336, -0.03210120275616646, 0.0, 0.0, 0.0, 0.0, 0.0, 0.0, 0.0, 0.0019128285348415375, -0.40256452560424805, -1.4944992065429688, -0.06010643020272255, 239.0
1123741, 0.00395466573536396, -0.40096625685691833, -1.4977723360061646, 0.016125338152050972, 0.008542596362531185, -0.031671129167079926, 0.0, 0.0, 0.0, 0.0, 0.0, 0.0, 0.0, 0.0015081297606229782, -0.4026646614074707, -1.4944725036621094, -0.06037863716483116, 239.0
1123761, 0.0039006376173347235, -0.40098387002944946, -1.4977325201034546, 0.01581144891679287, 0.008655942976474762, -0.031390704214572906, 0.0, 0.0, 0.0, 0.0, 0.0, 0.0, 0.0, 0.0015511400997638702, -0.4026827812194824, -1.4945125579833984, -0.0591229610145092, 239.0
1123781, 0.003973207902163267, -0.40091195702552795, -1.4978468418121338, 0.016316737979650497, 0.009090585634112358, -0.031966667622327805, 0.0, 0.0, 0.0, 0.0, 0.0, 0.0, 0.0, 0.0015428867191076279, -0.40279245376586914, -1.4943523406982422, -0.058608297258615494, 236.0
1123801, 0.00392371928319335, -0.4009431004524231, -1.4977591037750244, 0.01633043959736824, 0.00910409726202488, -0.031536512076854706, 0.0, 0.0, 0.0, 0.0, 0.0, 0.0, 0.0, 0.001126481220126152, -0.40327930450439453, -1.4942989349365234, -0.05741341412067413, 236.0
1123822, 0.003990713506937027, -0.4008980691432953, -1.4978560209274292, 0.016377214342355728, 0.00916283018887043, -0.03226860612630844, 0.0, 0.0, 0.0, 0.0, 0.0, 0.0, 0.0, 0.0013092420995235443, -0.40262269973754883, -1.4942951202392578, -0.05529824271798134, 236.0
1123841, 0.003958742134273052, -0.4008926749229431, -1.497803807258606, 0.016202788800001144, 0.009618553332984447, -0.031812138855457306, 0.0, 0.0, 0.0, 0.0, 0.0, 0.0, 0.0, 0.0017022620886564255, -0.40254640579223633, -1.4945011138916016, -0.05368988588452339, 236.0
1123861, 0.004031859338283539, -0.4008514881134033, -1.4979063272476196, 0.016603892669081688, 0.00964784249663353, -0.0322214774787426, 0.0, 0.0, 0.0, 0.0, 0.0, 0.0, 0.0, 0.0021982360631227493, -0.4027523994445801, -1.4945049285888672, -0.05328445881605148, 236.0
1123881, 0.003979738336056471, -0.4008685350418091, -1.497826337814331, 0.016050510108470917, 0.009706459008157253, -0.03170841187238693, 0.0, 0.0, 0.0, 0.0, 0.0, 0.0, 0.0, 0.0022081173956394196, -0.40247583389282227, -1.4944496154785156, -0.05138203129172325, 241.0
1123901, 0.003950509242713451, -0.4008687734603882, -1.4977189302444458, 0.015841076150536537, 0.009807134978473186, -0.030527619644999504, 0.0, 0.0, 0.0, 0.0, 0.0, 0.0, 0.0, 0.0023177657276391983, -0.40239715576171875, -1.4943828582763672, -0.05024361610412598, 241.0
1123921, 0.003989749122411013, -0.40082377195358276, -1.4978034496307373, 0.015859710052609444, 0.009811057709157467, -0.03075043298304081, 0.0, 0.0, 0.0, 0.0, 0.0, 0.0, 0.0, 0.0013298075646162033, -0.4026017189025879, -1.4945907592773438, -0.0512988455593586, 241.0
1123941, 0.003949637990444899, -0.400831401348114, -1.497689962387085, 0.015555953606963158, 0.009435344487428665, -0.0301863681524992, 0.0, 0.0, 0.0, 0.0, 0.0, 0.0, 0.0, 0.0016816500574350357, -0.40277099609375, -1.4945049285888672, -0.052010394632816315, 241.0
1123961, 0.003972022328525782, -0.40080976486206055, -1.4977564811706543, 0.01530126016587019, 0.009362236596643925, -0.030483292415738106, 0.0, 0.0, 0.0, 0.0, 0.0, 0.0, 0.0, 0.0016900748014450073, -0.40274620056152344, -1.4944572448730469, -0.051698993891477585, 241.0
1123981, 0.003885496873408556, -0.40083372592926025, -1.497666358947754, 0.014868798665702343, 0.009219430387020111, -0.030205106362700462, 0.0, 0.0, 0.0, 0.0, 0.0, 0.0, 0.0, 0.0017231646925210953, -0.40250062942504883, -1.4944114685058594, -0.04919169843196869, 234.0
1124001, 0.003827478038147092, -0.4008720815181732, -1.4975621700286865, 0.014996728859841824, 0.009178468957543373, -0.029607029631733894, 0.0, 0.0, 0.0, 0.0, 0.0, 0.0, 0.0, 0.0017910618335008621, -0.4025263786315918, -1.4945087432861328, -0.048772383481264114, 234.0
1124021, 0.0038657914847135544, -0.40084102749824524, -1.4976532459259033, 0.015317981131374836, 0.009160546585917473, -0.030282335355877876, 0.0, 0.0, 0.0, 0.0, 0.0, 0.0, 0.0, 0.0016368702054023743, -0.4025454521179199, -1.4943294525146484, -0.04812583699822426, 234.0
1124041, 0.003829631023108959, -0.40086397528648376, -1.4975887537002563, 0.015346398577094078, 0.008945045061409473, -0.030093908309936523, 0.0, 0.0, 0.0, 0.0, 0.0, 0.0, 0.0, 0.002170037478208542, -0.402219295501709, -1.4943675994873047, -0.048881955444812775, 234.0
1124061, 0.0038947698194533587, -0.4008282721042633, -1.4976900815963745, 0.015480976551771164, 0.00899759866297245, -0.030725255608558655, 0.0, 0.0, 0.0, 0.0, 0.0, 0.0, 0.0, 0.0020606257021427155, -0.4025692939758301, -1.494384765625, -0.049065832048654556, 234.0
1124081, 0.0038672657683491707, -0.4008607268333435, -1.4976332187652588, 0.015446421690285206, 0.008584104478359222, -0.030709242448210716, 0.0, 0.0, 0.0, 0.0, 0.0, 0.0, 0.0, 0.0017312150448560715, -0.40276622772216797, -1.4943599700927734, -0.04890869930386543, 239.0
1124101, 0.0038292354438453913, -0.40089789032936096, -1.4975484609603882, 0.015430228784680367, 0.00884113647043705, -0.03048194944858551, 0.0, 0.0, 0.0, 0.0, 0.0, 0.0, 0.0, 0.0019005555659532547, -0.402803897857666, -1.494039535522461, -0.047495052218437195, 239.0
1124121, 0.003877877024933696, -0.40087783336639404, -1.4976643323898315, 0.015605068765580654, 0.009012734517455101, -0.0313945971429348, 0.0, 0.0, 0.0, 0.0, 0.0, 0.0, 0.0, 0.0014028176665306091, -0.40271615982055664, -1.4944267272949219, -0.04589730128645897, 239.0
1124141, 0.0038502998650074005, -0.4008721113204956, -1.497646450996399, 0.01566271297633648, 0.008926753886044025, -0.03136603534221649, 0.0, 0.0, 0.0, 0.0, 0.0, 0.0, 0.0, 0.0015986040234565735, -0.40244340896606445, -1.4944229125976562, -0.04554196074604988, 239.0
1124161, 0.003904350334778428, -0.40085774660110474, -1.4977717399597168, 0.016235778108239174, 0.008770644664764404, -0.03179307281970978, 0.0, 0.0, 0.0, 0.0, 0.0, 0.0, 0.0, 0.002008805051445961, -0.40265560150146484, -1.4944381713867188, -0.04573553428053856, 239.0
1124181, 0.003927299752831459, -0.4008602201938629, -1.497729778289795, 0.01649877242743969, 0.008589156903326511, -0.03171081468462944, 0.0, 0.0, 0.0, 0.0, 0.0, 0.0, 0.0, 0.0016320440918207169, -0.4025402069091797, -1.4943656921386719, -0.04429353401064873, 238.0
1124201, 0.0038707563653588295, -0.40090465545654297, -1.4976798295974731, 0.01652289554476738, 0.008309157565236092, -0.03160255402326584, 0.0, 0.0, 0.0, 0.0, 0.0, 0.0, 0.0, 0.001438930630683899, -0.402616024017334, -1.4943389892578125, -0.04420285299420357, 238.0
1124221, 0.003939760383218527, -0.4008810520172119, -1.4978148937225342, 0.016540342941880226, 0.008409504778683186, -0.03222844377160072, 0.0, 0.0, 0.0, 0.0, 0.0, 0.0, 0.0, 0.0019409321248531342, -0.4026050567626953, -1.4944400787353516, -0.04863040894269943, 238.0
1124241, 0.003927318379282951, -0.400907039642334, -1.4977754354476929, 0.016805103048682213, 0.00850385520607233, -0.03212042525410652, 0.0, 0.0, 0.0, 0.0, 0.0, 0.0, 0.0, 0.0018768645823001862, -0.4026374816894531, -1.4944229125976562, -0.048286549746990204, 238.0
1124261, 0.004027306102216244, -0.4008696675300598, -1.4979090690612793, 0.017323875799775124, 0.008382490836083889, -0.03285421058535576, 0.0, 0.0, 0.0, 0.0, 0.0, 0.0, 0.0, 0.001810472458600998, -0.4026908874511719, -1.4945831298828125, -0.052993305027484894, 238.0
1124281, 0.003977736458182335, -0.4009109139442444, -1.4978543519973755, 0.016954082995653152, 0.008043207228183746, -0.032795242965221405, 0.0, 0.0, 0.0, 0.0, 0.0, 0.0, 0.0, 0.0011528320610523224, -0.40314531326293945, -1.4941520690917969, -0.05257539451122284, 239.0
1124301, 0.00395019818097353, -0.40094825625419617, -1.4977879524230957, 0.0168756116181612, 0.008014851249754429, -0.03238816559314728, 0.0, 0.0, 0.0, 0.0, 0.0, 0.0, 0.0, 0.0015290267765522003, -0.4031982421875, -1.494131088256836, -0.052297189831733704, 239.0
1124321, 0.003863502759486437, -0.4009929895401001, -1.497628092765808, 0.016352150589227676, 0.00796357449144125, -0.03157666325569153, 0.0, 0.0, 0.0, 0.0, 0.0, 0.0, 0.0, 0.0017924029380083084, -0.4025149345397949, -1.4945621490478516, -0.052635326981544495, 239.0
1124341, 0.004011521581560373, -0.4009387791156769, -1.4978954792022705, 0.016943994909524918, 0.00810066144913435, -0.03280678763985634, 0.0, 0.0, 0.0, 0.0, 0.0, 0.0, 0.0, 0.0020443592220544815, -0.40234947204589844, -1.4943523406982422, -0.052764687687158585, 239.0
1124361, 0.003907312639057636, -0.40099361538887024, -1.49767005443573, 0.016583437100052834, 0.008168977685272694, -0.03152867406606674, 0.0, 0.0, 0.0, 0.0, 0.0, 0.0, 0.0, 0.0014304891228675842, -0.4027562141418457, -1.4943561553955078, -0.05189262703061104, 239.0
1124381, 0.004054919350892305, -0.4009263217449188, -1.4979127645492554, 0.017357049509882927, 0.00840665865689516, -0.032147325575351715, 0.0, 0.0, 0.0, 0.0, 0.0, 0.0, 0.0, 0.0016944222152233124, -0.4027695655822754, -1.4944686889648438, -0.0514119490981102, 237.0
1124401, 0.004042152781039476, -0.40094754099845886, -1.4978779554367065, 0.017215460538864136, 0.008404012769460678, -0.032004304230213165, 0.0, 0.0, 0.0, 0.0, 0.0, 0.0, 0.0, 0.0019606947898864746, -0.40265703201293945, -1.494354248046875, -0.05055106803774834, 237.0
1124421, 0.003981012385338545, -0.4009719491004944, -1.4976954460144043, 0.016872022300958633, 0.00860693957656622, -0.031054437160491943, 0.0, 0.0, 0.0, 0.0, 0.0, 0.0, 0.0, 0.0012054648250341415, -0.40259790420532227, -1.4944591522216797, -0.05072536692023277, 237.0
1124441, 0.003936270251870155, -0.4009985625743866, -1.4975807666778564, 0.016711227595806122, 0.008388325572013855, -0.030081938952207565, 0.0, 0.0, 0.0, 0.0, 0.0, 0.0, 0.0, 0.0016427692025899887, -0.4025239944458008, -1.4943809509277344, -0.04936743527650833, 237.0
1124461, 0.003990097902715206, -0.40097367763519287, -1.4976478815078735, 0.017095370218157768, 0.008381214924156666, -0.030189545825123787, 0.0, 0.0, 0.0, 0.0, 0.0, 0.0, 0.0, 0.0006274357438087463, -0.4030146598815918, -1.4941139221191406, -0.048424724489450455, 237.0
1124481, 0.003931794315576553, -0.40100258588790894, -1.4975529909133911, 0.01683991216123104, 0.008281845599412918, -0.029808087274432182, 0.0, 0.0, 0.0, 0.0, 0.0, 0.0, 0.0, 0.0018806010484695435, -0.4022064208984375, -1.4944477081298828, -0.047644421458244324, 237.0
1124501, 0.003930442966520786, -0.4010190963745117, -1.4974501132965088, 0.016882898285984993, 0.008404198102653027, -0.028966644778847694, 0.0, 0.0, 0.0, 0.0, 0.0, 0.0, 0.0, 0.0017460156232118607, -0.4026942253112793, -1.494436264038086, -0.04812699556350708, 237.0
1124521, 0.003963833674788475, -0.40099483728408813, -1.4975184202194214, 0.016984153538942337, 0.008444979786872864, -0.02889438346028328, 0.0, 0.0, 0.0, 0.0, 0.0, 0.0, 0.0, 0.001542314887046814, -0.40266942977905273, -1.4944877624511719, -0.047977205365896225, 237.0
1124541, 0.0039377957582473755, -0.4010144770145416, -1.4974040985107422, 0.016897136345505714, 0.008587039075791836, -0.028416505083441734, 0.0, 0.0, 0.0, 0.0, 0.0, 0.0, 0.0, 0.0020912345498800278, -0.4026036262512207, -1.4944953918457031, -0.04626471921801567, 237.0
1124561, 0.003994707018136978, -0.40098127722740173, -1.497481107711792, 0.017023025080561638, 0.008665205910801888, -0.0289163701236248, 0.0, 0.0, 0.0, 0.0, 0.0, 0.0, 0.0, 0.0023323334753513336, -0.40233373641967773, -1.4943675994873047, -0.046245403587818146, 237.0
1124581, 0.0039508165791630745, -0.40100589394569397, -1.497387170791626, 0.016941316425800323, 0.008464210666716099, -0.028683306649327278, 0.0, 0.0, 0.0, 0.0, 0.0, 0.0, 0.0, 0.001773044466972351, -0.4025702476501465, -1.4944133758544922, -0.046654291450977325, 240.0
1124601, 0.003937850706279278, -0.40101224184036255, -1.4973162412643433, 0.01656249538064003, 0.00827278196811676, -0.028724994510412216, 0.0, 0.0, 0.0, 0.0, 0.0, 0.0, 0.0, 0.0018259454518556595, -0.4024953842163086, -1.4945068359375, -0.04488294571638107, 240.0
1124621, 0.003966810181736946, -0.40100109577178955, -1.4974128007888794, 0.01614529825747013, 0.008132162503898144, -0.029234686866402626, 0.0, 0.0, 0.0, 0.0, 0.0, 0.0, 0.0, 0.0013893693685531616, -0.4027833938598633, -1.4943809509277344, -0.04351687803864479, 240.0
1124641, 0.0039049771148711443, -0.40102675557136536, -1.4973328113555908, 0.015485338866710663, 0.008330726064741611, -0.029037997126579285, 0.0, 0.0, 0.0, 0.0, 0.0, 0.0, 0.0, 0.0017030145972967148, -0.40259647369384766, -1.4942646026611328, -0.04319196566939354, 240.0
1124662, 0.003923796117305756, -0.4009920656681061, -1.4974368810653687, 0.015758352354168892, 0.008666044101119041, -0.029747555032372475, 0.0, 0.0, 0.0, 0.0, 0.0, 0.0, 0.0, 0.0017906315624713898, -0.40279626846313477, -1.4945564270019531, -0.042456917464733124, 240.0
1124681, 0.0039143855683505535, -0.40100207924842834, -1.4973981380462646, 0.015682194381952286, 0.00837697647511959, -0.029671065509319305, 0.0, 0.0, 0.0, 0.0, 0.0, 0.0, 0.0, 0.0023701507598161697, -0.40261173248291016, -1.4944419860839844, -0.04198864474892616, 241.0
1124701, 0.003841931000351906, -0.4010356664657593, -1.497347354888916, 0.0154949389398098, 0.008345176465809345, -0.029546938836574554, 0.0, 0.0, 0.0, 0.0, 0.0, 0.0, 0.0, 0.0014393012970685959, -0.40286874771118164, -1.4943618774414062, -0.04266854003071785, 241.0
1124721, 0.0038688231725245714, -0.40100130438804626, -1.4974627494812012, 0.015667486935853958, 0.008428271859884262, -0.03009989485144615, 0.0, 0.0, 0.0, 0.0, 0.0, 0.0, 0.0, 0.0018356423825025558, -0.40270280838012695, -1.494384765625, -0.04294180870056152, 241.0
1124741, 0.003859227756038308, -0.4010069966316223, -1.4974119663238525, 0.015753794461488724, 0.008504344150424004, -0.029943984001874924, 0.0, 0.0, 0.0, 0.0, 0.0, 0.0, 0.0, 0.002462945878505707, -0.402402400970459, -1.494363784790039, -0.041156575083732605, 241.0
1124762, 0.00387668889015913, -0.4009867310523987, -1.4975128173828125, 0.015696678310632706, 0.008542685769498348, -0.030263356864452362, 0.0, 0.0, 0.0, 0.0, 0.0, 0.0, 0.0, 0.00224202498793602, -0.4026336669921875, -1.4944477081298828, -0.046938925981521606, 241.0
1124781, 0.003862405428662896, -0.40099263191223145, -1.4975190162658691, 0.015359971672296524, 0.00834700744599104, -0.030486611649394035, 0.0, 0.0, 0.0, 0.0, 0.0, 0.0, 0.0, 0.0019870642572641373, -0.40257787704467773, -1.4942741394042969, -0.04717838391661644, 237.0
1124801, 0.003817508928477764, -0.4010097086429596, -1.4974664449691772, 0.015627970919013023, 0.008116114884614944, -0.030552037060260773, 0.0, 0.0, 0.0, 0.0, 0.0, 0.0, 0.0, 0.0016972795128822327, -0.40263843536376953, -1.49444580078125, -0.047858841717243195, 237.0
1124821, 0.0038703614845871925, -0.4009743630886078, -1.4975861310958862, 0.015937691554427147, 0.008357087150216103, -0.03102928213775158, 0.0, 0.0, 0.0, 0.0, 0.0, 0.0, 0.0, 0.0017951428890228271, -0.40258264541625977, -1.4943981170654297, -0.048477936536073685, 237.0
1124841, 0.0038863541558384895, -0.4009830951690674, -1.4975757598876953, 0.015546157956123352, 0.008490628562867641, -0.030698949471116066, 0.0, 0.0, 0.0, 0.0, 0.0, 0.0, 0.0, 0.002245815470814705, -0.4025273323059082, -1.4943504333496094, -0.048752620816230774, 237.0
1124861, 0.0039022190030664206, -0.4009552597999573, -1.497672438621521, 0.015612771734595299, 0.008222632110118866, -0.031173931434750557, 0.0, 0.0, 0.0, 0.0, 0.0, 0.0, 0.0, 0.0014884602278470993, -0.4024205207824707, -1.4944705963134766, -0.04777473211288452, 237.0
1124881, 0.003865924198180437, -0.4009797275066376, -1.4976333379745483, 0.015562803484499454, 0.008185010403394699, -0.031099991872906685, 0.0, 0.0, 0.0, 0.0, 0.0, 0.0, 0.0, 0.0019158795475959778, -0.40272092819213867, -1.4944820404052734, -0.04674500599503517, 234.0
1124901, 0.003906650934368372, -0.4009634554386139, -1.497649073600769, 0.015490061603486538, 0.0082435617223382, -0.03097212314605713, 0.0, 0.0, 0.0, 0.0, 0.0, 0.0, 0.0, 0.002447310835123062, -0.40234804153442383, -1.4943790435791016, -0.04604468494653702, 234.0
1124922, 0.003958609886467457, -0.4009205400943756, -1.4978302717208862, 0.01592961512506008, 0.008399086073040962, -0.031484343111515045, 0.0, 0.0, 0.0, 0.0, 0.0, 0.0, 0.0, 0.0021885745227336884, -0.40251588821411133, -1.4943866729736328, -0.04692715406417847, 234.0
1124941, 0.003907701000571251, -0.4009491801261902, -1.4977471828460693, 0.015905700623989105, 0.00810706801712513, -0.03074573166668415, 0.0, 0.0, 0.0, 0.0, 0.0, 0.0, 0.0, 0.0014937929809093475, -0.40280675888061523, -1.4945106506347656, -0.046716269105672836, 234.0
1124961, 0.003956622444093227, -0.4009281396865845, -1.4978344440460205, 0.016161451116204262, 0.008035126142203808, -0.0308870617300272, 0.0, 0.0, 0.0, 0.0, 0.0, 0.0, 0.0, 0.0017909593880176544, -0.4026956558227539, -1.4944477081298828, -0.0461391881108284, 234.0
1124981, 0.003916546236723661, -0.4009672701358795, -1.497733473777771, 0.015588384121656418, 0.007637092377990484, -0.030441632494330406, 0.0, 0.0, 0.0, 0.0, 0.0, 0.0, 0.0, 0.0013283435255289078, -0.4024844169616699, -1.4943866729736328, -0.04493314400315285, 237.0
1125001, 0.0038939446676522493, -0.40097594261169434, -1.4976210594177246, 0.015400325879454613, 0.007337543182075024, -0.029924442991614342, 0.0, 0.0, 0.0, 0.0, 0.0, 0.0, 0.0, 0.0019063092768192291, -0.4023170471191406, -1.4943790435791016, -0.044030871242284775, 237.0
1125022, 0.0039060553535819054, -0.40098267793655396, -1.4977223873138428, 0.015631485730409622, 0.00719829136505723, -0.03058595396578312, 0.0, 0.0, 0.0, 0.0, 0.0, 0.0, 0.0, 0.0012453366070985794, -0.4030442237854004, -1.4943675994873047, -0.04466427490115166, 237.0
1125041, 0.0038909618742763996, -0.401020884513855, -1.4976121187210083, 0.01551407016813755, 0.007197837345302105, -0.03005816787481308, 0.0, 0.0, 0.0, 0.0, 0.0, 0.0, 0.0, 0.0018697511404752731, -0.40262937545776367, -1.4945011138916016, -0.044314224272966385, 237.0
1125061, 0.003899106988683343, -0.4010109603404999, -1.497692584991455, 0.015729092061519623, 0.007259339559823275, -0.030167153105139732, 0.0, 0.0, 0.0, 0.0, 0.0, 0.0, 0.0, 0.0012893769890069962, -0.40271663665771484, -1.4943523406982422, -0.04524703696370125, 237.0
1125081, 0.003857923438772559, -0.4010397493839264, -1.4975897073745728, 0.015820423141121864, 0.00734366150572896, -0.029461344704031944, 0.0, 0.0, 0.0, 0.0, 0.0, 0.0, 0.0, 0.0017865486443042755, -0.402524471282959, -1.4944324493408203, -0.04533984884619713, 242.0
1125101, 0.0039166356436908245, -0.4010157287120819, -1.497663974761963, 0.01603066921234131, 0.00759507529437542, -0.029836473986506462, 0.0, 0.0, 0.0, 0.0, 0.0, 0.0, 0.0, 0.001865128055214882, -0.40262937545776367, -1.494394302368164, -0.046080347150564194, 242.0
1125121, 0.003904905403032899, -0.40103450417518616, -1.4975767135620117, 0.016029609367251396, 0.00732908770442009, -0.029705239459872246, 0.0, 0.0, 0.0, 0.0, 0.0, 0.0, 0.0, 0.0022312086075544357, -0.40240049362182617, -1.494314193725586, -0.04593419283628464, 242.0
1125141, 0.003951307386159897, -0.4010147154331207, -1.4976577758789062, 0.01602006144821644, 0.0073258536867797375, -0.030230151489377022, 0.0, 0.0, 0.0, 0.0, 0.0, 0.0, 0.0, 0.002280738204717636, -0.40255308151245117, -1.4944229125976562, -0.04536914452910423, 242.0
1125161, 0.003923629876226187, -0.401045024394989, -1.497584581375122, 0.015489418059587479, 0.007501812186092138, -0.029771078377962112, 0.0, 0.0, 0.0, 0.0, 0.0, 0.0, 0.0, 0.0014966484159231186, -0.4026365280151367, -1.494272232055664, -0.04536460340023041, 242.0
1125181, 0.0038759405724704266, -0.40106379985809326, -1.4975062608718872, 0.015316479839384556, 0.007409259676933289, -0.029203688725829124, 0.0, 0.0, 0.0, 0.0, 0.0, 0.0, 0.0, 0.0018156599253416061, -0.40276622772216797, -1.494497299194336, -0.04574917256832123, 240.0
1125201, 0.003936559893190861, -0.4010362923145294, -1.4975947141647339, 0.015640605241060257, 0.0068176365457475185, -0.02988891676068306, 0.0, 0.0, 0.0, 0.0, 0.0, 0.0, 0.0, 0.0013881325721740723, -0.4026503562927246, -1.4942798614501953, -0.04493773728609085, 240.0
1125221, 0.0038748164661228657, -0.40108171105384827, -1.4975333213806152, 0.015690265223383904, 0.006616292055696249, -0.02988935448229313, 0.0, 0.0, 0.0, 0.0, 0.0, 0.0, 0.0, 0.0014940742403268814, -0.4026350975036621, -1.4945240020751953, -0.04374624043703079, 240.0
1125241, 0.003836829913780093, -0.4011034667491913, -1.4974899291992188, 0.015534872189164162, 0.006930455099791288, -0.03027833066880703, 0.0, 0.0, 0.0, 0.0, 0.0, 0.0, 0.0, 0.00154215469956398, -0.4026460647583008, -1.494405746459961, -0.04921986907720566, 240.0
1125261, 0.003876548260450363, -0.40108630061149597, -1.4976054430007935, 0.015993867069482803, 0.006827855482697487, -0.03088483028113842, 0.0, 0.0, 0.0, 0.0, 0.0, 0.0, 0.0, 0.0018474981188774109, -0.40286874771118164, -1.49444580078125, -0.048103295266628265, 240.0
1125281, 0.00388269848190248, -0.40109917521476746, -1.497592568397522, 0.0160986240953207, 0.006828004028648138, -0.030772682279348373, 0.0, 0.0, 0.0, 0.0, 0.0, 0.0, 0.0, 0.001978965476155281, -0.402773380279541, -1.4946041107177734, -0.046705689281225204, 236.0
1125301, 0.003952983301132917, -0.4010758101940155, -1.4977021217346191, 0.016515646129846573, 0.006908253766596317, -0.031279563903808594, 0.0, 0.0, 0.0, 0.0, 0.0, 0.0, 0.0, 0.0016049426048994064, -0.4027061462402344, -1.4943218231201172, -0.04686954244971275, 236.0
1125321, 0.003951893653720617, -0.4010968804359436, -1.4976797103881836, 0.016495302319526672, 0.007075614761561155, -0.031343571841716766, 0.0, 0.0, 0.0, 0.0, 0.0, 0.0, 0.0, 0.0016508512198925018, -0.40273046493530273, -1.4945068359375, -0.045627813786268234, 236.0
1125341, 0.0038936163764446974, -0.4011118412017822, -1.4976099729537964, 0.016049256548285484, 0.007014848291873932, -0.030812663957476616, 0.0, 0.0, 0.0, 0.0, 0.0, 0.0, 0.0, 0.0019133202731609344, -0.40248680114746094, -1.494302749633789, -0.04352002590894699, 236.0
1125361, 0.003930038306862116, -0.4010966122150421, -1.4977340698242188, 0.01564265601336956, 0.006970612332224846, -0.03166339173913002, 0.0, 0.0, 0.0, 0.0, 0.0, 0.0, 0.0, 0.0013662856072187424, -0.4027371406555176, -1.4943256378173828, -0.04235663264989853, 236.0
1125381, 0.003911308944225311, -0.40110307931900024, -1.4976917505264282, 0.015451081097126007, 0.007159365341067314, -0.0317472442984581, 0.0, 0.0, 0.0, 0.0, 0.0, 0.0, 0.0, 0.001829337328672409, -0.4026174545288086, -1.4943714141845703, -0.04195414111018181, 239.0
1125401, 0.003968607168644667, -0.4010745882987976, -1.4978159666061401, 0.015753796324133873, 0.007273435592651367, -0.03254144638776779, 0.0, 0.0, 0.0, 0.0, 0.0, 0.0, 0.0, 0.0018718522042036057, -0.40285158157348633, -1.4941234588623047, -0.04076625034213066, 239.0
1125421, 0.003908809274435043, -0.4010968804359436, -1.4977924823760986, 0.015522748231887817, 0.007089126855134964, -0.032690659165382385, 0.0, 0.0, 0.0, 0.0, 0.0, 0.0, 0.0, 0.0015746429562568665, -0.4026451110839844, -1.494516372680664, -0.039798617362976074, 239.0
1125441, 0.003913309425115585, -0.4010865390300751, -1.4978370666503906, 0.015585668385028839, 0.007043212652206421, -0.03258124738931656, 0.0, 0.0, 0.0, 0.0, 0.0, 0.0, 0.0, 0.00265667587518692, -0.4023561477661133, -1.4944419860839844, -0.04004077613353729, 239.0
1125462, 0.003835900453850627, -0.40112316608428955, -1.4976803064346313, 0.015308335423469543, 0.007149120792746544, -0.03159995377063751, 0.0, 0.0, 0.0, 0.0, 0.0, 0.0, 0.0, 0.0017335396260023117, -0.40288686752319336, -1.494476318359375, -0.046214763075113297, 239.0
1125481, 0.0037921059411019087, -0.40114468336105347, -1.4976316690444946, 0.014895194210112095, 0.007221126928925514, -0.030898582190275192, 0.0, 0.0, 0.0, 0.0, 0.0, 0.0, 0.0, 0.0015396475791931152, -0.40267467498779297, -1.4944038391113281, -0.045364007353782654, 235.0
1125501, 0.0038340792525559664, -0.4011145532131195, -1.4977202415466309, 0.015101691707968712, 0.007294594310224056, -0.03130060061812401, 0.0, 0.0, 0.0, 0.0, 0.0, 0.0, 0.0, 0.0015620552003383636, -0.40253257751464844, -1.4944438934326172, -0.0441853404045105, 235.0
1125521, 0.0037860649172216654, -0.40114250779151917, -1.4976221323013306, 0.015322009101510048, 0.007594657130539417, -0.030612334609031677, 0.0, 0.0, 0.0, 0.0, 0.0, 0.0, 0.0, 0.002236258238554001, -0.40238142013549805, -1.4944438934326172, -0.0426732636988163, 235.0
1125541, 0.003770645707845688, -0.40113022923469543, -1.4975533485412598, 0.015194825828075409, 0.007911713793873787, -0.030201232060790062, 0.0, 0.0, 0.0, 0.0, 0.0, 0.0, 0.0, 0.0024377908557653427, -0.40216588973999023, -1.4945564270019531, -0.04193311557173729, 235.0
1125562, 0.003818127326667309, -0.4010913074016571, -1.4976513385772705, 0.015488843433558941, 0.008221812546253204, -0.030914481729269028, 0.0, 0.0, 0.0, 0.0, 0.0, 0.0, 0.0, 0.0015902649611234665, -0.4027137756347656, -1.4944438934326172, -0.03978719189763069, 235.0
1125581, 0.003801632672548294, -0.4010852873325348, -1.497596263885498, 0.01505263987928629, 0.008229109458625317, -0.030195487663149834, 0.0, 0.0, 0.0, 0.0, 0.0, 0.0, 0.0, 0.002200111746788025, -0.4023470878601074, -1.4944038391113281, -0.040644384920597076, 234.0
1125601, 0.0037662095855921507, -0.4010937511920929, -1.4974981546401978, 0.014815197326242924, 0.008272301405668259, -0.02948080189526081, 0.0, 0.0, 0.0, 0.0, 0.0, 0.0, 0.0, 0.0018914956599473953, -0.4028205871582031, -1.4945259094238281, -0.04138816148042679, 234.0
1125622, 0.003786556189879775, -0.4010564088821411, -1.4975820779800415, 0.015024556778371334, 0.00820625014603138, -0.02996015176177025, 0.0, 0.0, 0.0, 0.0, 0.0, 0.0, 0.0, 0.0013339035212993622, -0.40266942977905273, -1.49444580078125, -0.040739502757787704, 234.0
1125641, 0.0038504800759255886, -0.40101978182792664, -1.4976589679718018, 0.01497053261846304, 0.008298291824758053, -0.03028078004717827, 0.0, 0.0, 0.0, 0.0, 0.0, 0.0, 0.0, 0.0017965137958526611, -0.40259265899658203, -1.4943466186523438, -0.04061959311366081, 234.0
1125661, 0.0037841624580323696, -0.4010434150695801, -1.4975709915161133, 0.01492522843182087, 0.008123965002596378, -0.03014475665986538, 0.0, 0.0, 0.0, 0.0, 0.0, 0.0, 0.0, 0.001664111390709877, -0.40273380279541016, -1.4943675994873047, -0.040351029485464096, 234.0
1125681, 0.003775689983740449, -0.4010511040687561, -1.497481107711792, 0.014721759594976902, 0.008083204738795757, -0.02961784414947033, 0.0, 0.0, 0.0, 0.0, 0.0, 0.0, 0.0, 0.0018921997398138046, -0.4025249481201172, -1.4942512512207031, -0.038099974393844604, 239.0
1125701, 0.003814632771536708, -0.4010187089443207, -1.4975550174713135, 0.014628170989453793, 0.008093924261629581, -0.03004981204867363, 0.0, 0.0, 0.0, 0.0, 0.0, 0.0, 0.0, 0.0016132816672325134, -0.4027900695800781, -1.4942855834960938, -0.03586446866393089, 239.0
1125721, 0.003754334058612585, -0.40104779601097107, -1.4974883794784546, 0.014500895515084267, 0.007922093383967876, -0.029648713767528534, 0.0, 0.0, 0.0, 0.0, 0.0, 0.0, 0.0, 0.0013927537947893143, -0.40288257598876953, -1.4945259094238281, -0.0365736223757267, 239.0
1125741, 0.0037743719294667244, -0.4010259509086609, -1.497562050819397, 0.014848737046122551, 0.007914071902632713, -0.029851967468857765, 0.0, 0.0, 0.0, 0.0, 0.0, 0.0, 0.0, 0.0022849328815937042, -0.4023284912109375, -1.4944019317626953, -0.03828340768814087, 239.0
1125761, 0.003741446416825056, -0.4010508060455322, -1.497491717338562, 0.014659076929092407, 0.007643348071724176, -0.029455777257680893, 0.0, 0.0, 0.0, 0.0, 0.0, 0.0, 0.0, 0.0017833113670349121, -0.40262699127197266, -1.4944114685058594, -0.04458872601389885, 239.0
1125781, 0.0037294956855475903, -0.4010489881038666, -1.4974632263183594, 0.014496047049760818, 0.00797970499843359, -0.029330315068364143, 0.0, 0.0, 0.0, 0.0, 0.0, 0.0, 0.0, 0.0016403775662183762, -0.40242958068847656, -1.4942893981933594, -0.04496931657195091, 241.0
1125801, 0.0038040392100811005, -0.4010235667228699, -1.4975489377975464, 0.015011617913842201, 0.007956543006002903, -0.02980521321296692, 0.0, 0.0, 0.0, 0.0, 0.0, 0.0, 0.0, 0.0021070819348096848, -0.4026474952697754, -1.4945030212402344, -0.04560518637299538, 241.0
1125821, 0.003778382670134306, -0.40103253722190857, -1.497491717338562, 0.015016279183328152, 0.007987701334059238, -0.02976647950708866, 0.0, 0.0, 0.0, 0.0, 0.0, 0.0, 0.0, 0.0013142973184585571, -0.40247249603271484, -1.494283676147461, -0.04549529403448105, 241.0
1125841, 0.003740401240065694, -0.4010365605354309, -1.4974285364151, 0.014745423570275307, 0.0081969378516078, -0.02946913056075573, 0.0, 0.0, 0.0, 0.0, 0.0, 0.0, 0.0, 0.0012008361518383026, -0.40271615982055664, -1.4943275451660156, -0.04446791484951973, 241.0
1125861, 0.00376204214990139, -0.40102511644363403, -1.497539758682251, 0.01498277485370636, 0.00829322263598442, -0.03028767742216587, 0.0, 0.0, 0.0, 0.0, 0.0, 0.0, 0.0, 0.0016838312149047852, -0.4028506278991699, -1.4945011138916016, -0.04320993646979332, 241.0
1125881, 0.0037792720831930637, -0.40102267265319824, -1.4974982738494873, 0.015013175085186958, 0.008402922190725803, -0.030323036015033722, 0.0, 0.0, 0.0, 0.0, 0.0, 0.0, 0.0, 0.0015559550374746323, -0.4026932716369629, -1.4943161010742188, -0.044335853308439255, 239.0
1125901, 0.003811136120930314, -0.4009842574596405, -1.4976227283477783, 0.01548126619309187, 0.008408639580011368, -0.030877389013767242, 0.0, 0.0, 0.0, 0.0, 0.0, 0.0, 0.0, 0.0012490581721067429, -0.40270471572875977, -1.4944496154785156, -0.04453786835074425, 239.0
1125921, 0.003780434373766184, -0.4009995758533478, -1.497580885887146, 0.015469185076653957, 0.008260429836809635, -0.03071015700697899, 0.0, 0.0, 0.0, 0.0, 0.0, 0.0, 0.0, 0.0018106400966644287, -0.4028048515319824, -1.494466781616211, -0.04256651923060417, 239.0
1125941, 0.0037802699953317642, -0.4009947180747986, -1.4975403547286987, 0.015146727673709393, 0.008394615724682808, -0.030795767903327942, 0.0, 0.0, 0.0, 0.0, 0.0, 0.0, 0.0, 0.0018676277250051498, -0.40257740020751953, -1.4944629669189453, -0.04185401648283005, 239.0
1125962, 0.003813663963228464, -0.4009855389595032, -1.4976541996002197, 0.01513814926147461, 0.008172406814992428, -0.031571630388498306, 0.0, 0.0, 0.0, 0.0, 0.0, 0.0, 0.0, 0.0014123842120170593, -0.40276432037353516, -1.4943428039550781, -0.04277035966515541, 239.0
1125981, 0.0037607005797326565, -0.4009895622730255, -1.497623324394226, 0.014748472720384598, 0.008147257380187511, -0.03125644475221634, 0.0, 0.0, 0.0, 0.0, 0.0, 0.0, 0.0, 0.0017919987440109253, -0.40265369415283203, -1.4943885803222656, -0.04228375852108002, 237.0
1126001, 0.0038430611602962017, -0.40096306800842285, -1.497775912284851, 0.015261662192642689, 0.008352012373507023, -0.0320744551718235, 0.0, 0.0, 0.0, 0.0, 0.0, 0.0, 0.0, 0.002126052975654602, -0.40268611907958984, -1.4943885803222656, -0.04218927025794983, 237.0
1126021, 0.003793125506490469, -0.400980144739151, -1.4977201223373413, 0.015014574863016605, 0.0083781061694026, -0.03161417320370674, 0.0, 0.0, 0.0, 0.0, 0.0, 0.0, 0.0, 0.0018952656537294388, -0.4026675224304199, -1.4944038391113281, -0.04207013174891472, 237.0
1126041, 0.003784971544519067, -0.40097981691360474, -1.4977083206176758, 0.015278038568794727, 0.008067825809121132, -0.03174222260713577, 0.0, 0.0, 0.0, 0.0, 0.0, 0.0, 0.0, 0.001612035557627678, -0.40271854400634766, -1.4943180084228516, -0.04036810249090195, 237.0
1126061, 0.0039037747774273157, -0.400929719209671, -1.4978814125061035, 0.015808764845132828, 0.007839617319405079, -0.032474882900714874, 0.0, 0.0, 0.0, 0.0, 0.0, 0.0, 0.0, 0.0022615287452936172, -0.40258073806762695, -1.494363784790039, -0.04052222892642021, 237.0
1126081, 0.003847076091915369, -0.4009741246700287, -1.4977797269821167, 0.015865668654441833, 0.007567149121314287, -0.031545449048280716, 0.0, 0.0, 0.0, 0.0, 0.0, 0.0, 0.0, 0.002074766904115677, -0.4025077819824219, -1.494272232055664, -0.0400141216814518, 237.0
1126102, 0.003915312699973583, -0.4009524881839752, -1.497890591621399, 0.016037175431847572, 0.007327631581574678, -0.03199060633778572, 0.0, 0.0, 0.0, 0.0, 0.0, 0.0, 0.0, 0.0012950077652931213, -0.40266990661621094, -1.494476318359375, -0.040264833718538284, 237.0
1126121, 0.0038499473594129086, -0.4009985625743866, -1.4977834224700928, 0.01555008627474308, 0.0074718245305120945, -0.031231826171278954, 0.0, 0.0, 0.0, 0.0, 0.0, 0.0, 0.0, 0.0023934729397296906, -0.40254926681518555, -1.4944000244140625, -0.039798490703105927, 237.0
1126141, 0.0038530221208930016, -0.4010132849216461, -1.4976948499679565, 0.01566191576421261, 0.007413910701870918, -0.03057088702917099, 0.0, 0.0, 0.0, 0.0, 0.0, 0.0, 0.0, 0.0027581658214330673, -0.4022998809814453, -1.4945907592773438, -0.03874261677265167, 237.0
1126162, 0.0038654697127640247, -0.4010127782821655, -1.4977872371673584, 0.015572143718600273, 0.007471746765077114, -0.031105181202292442, 0.0, 0.0, 0.0, 0.0, 0.0, 0.0, 0.0, 0.0015586595982313156, -0.40276145935058594, -1.4944438934326172, -0.03899705410003662, 237.0
1126181, 0.003886469639837742, -0.40101999044418335, -1.4976649284362793, 0.015539671294391155, 0.0076791164465248585, -0.029940985143184662, 0.0, 0.0, 0.0, 0.0, 0.0, 0.0, 0.0, 0.002504110336303711, -0.402285099029541, -1.4945030212402344, -0.044984858483076096, 237.0
1126201, 0.003938747104257345, -0.400995671749115, -1.4977399110794067, 0.015477476641535759, 0.007619892247021198, -0.030244598165154457, 0.0, 0.0, 0.0, 0.0, 0.0, 0.0, 0.0, 0.0014226790517568588, -0.4024319648742676, -1.4943428039550781, -0.04386826977133751, 237.0
1126221, 0.0038940422236919403, -0.4010099172592163, -1.4976354837417603, 0.015061477199196815, 0.007682438939809799, -0.029618974775075912, 0.0, 0.0, 0.0, 0.0, 0.0, 0.0, 0.0, 0.0016099028289318085, -0.40286827087402344, -1.4945507049560547, -0.04368416219949722, 237.0
1126241, 0.003923298791050911, -0.4009994864463806, -1.4977020025253296, 0.014823847450315952, 0.0074255806393921375, -0.029910655692219734, 0.0, 0.0, 0.0, 0.0, 0.0, 0.0, 0.0, 0.0016871895641088486, -0.4025611877441406, -1.4944438934326172, -0.04456384852528572, 237.0
1126261, 0.0038768532685935497, -0.4010182023048401, -1.4976154565811157, 0.014433285221457481, 0.007612382993102074, -0.029567573219537735, 0.0, 0.0, 0.0, 0.0, 0.0, 0.0, 0.0, 0.0015346817672252655, -0.4026188850402832, -1.4944210052490234, -0.04350385442376137, 237.0
1126281, 0.0038152800407260656, -0.40104177594184875, -1.4975109100341797, 0.0143856480717659, 0.007403078489005566, -0.029297105967998505, 0.0, 0.0, 0.0, 0.0, 0.0, 0.0, 0.0, 0.0018680933862924576, -0.40262508392333984, -1.494384765625, -0.04342813044786453, 239.0
1126301, 0.0038352771662175655, -0.40103310346603394, -1.4976072311401367, 0.014467987231910229, 0.007416646461933851, -0.029774976894259453, 0.0, 0.0, 0.0, 0.0, 0.0, 0.0, 0.0, 0.0014107543975114822, -0.40277957916259766, -1.4945354461669922, -0.04347832873463631, 239.0
1126321, 0.0037592058070003986, -0.40106087923049927, -1.4975051879882812, 0.014009556733071804, 0.007199075538665056, -0.02951512672007084, 0.0, 0.0, 0.0, 0.0, 0.0, 0.0, 0.0, 0.0015947632491588593, -0.40263795852661133, -1.4944515228271484, -0.041840147227048874, 239.0
1126341, 0.0037352433428168297, -0.4010959565639496, -1.497437834739685, 0.014149370603263378, 0.006818839348852634, -0.02931275963783264, 0.0, 0.0, 0.0, 0.0, 0.0, 0.0, 0.0, 0.0020950715988874435, -0.4025692939758301, -1.4944877624511719, -0.039581041783094406, 239.0
1126361, 0.0037938968744128942, -0.4010680317878723, -1.497560739517212, 0.014690388925373554, 0.007042984943836927, -0.029818523675203323, 0.0, 0.0, 0.0, 0.0, 0.0, 0.0, 0.0, 0.0017530638724565506, -0.4027557373046875, -1.4944744110107422, -0.03905293345451355, 239.0
1126381, 0.0037692375481128693, -0.40109628438949585, -1.4974759817123413, 0.014863686636090279, 0.006708123255521059, -0.029441198334097862, 0.0, 0.0, 0.0, 0.0, 0.0, 0.0, 0.0, 0.0020203255116939545, -0.4024925231933594, -1.4944629669189453, -0.0385160893201828, 238.0
1126401, 0.0038263879250735044, -0.401068776845932, -1.4975868463516235, 0.015433982014656067, 0.006745821796357632, -0.030162589624524117, 0.0, 0.0, 0.0, 0.0, 0.0, 0.0, 0.0, 0.0014908630400896072, -0.4027585983276367, -1.4945316314697266, -0.03761761263012886, 238.0
1126421, 0.0037724643480032682, -0.40110665559768677, -1.4975329637527466, 0.015374514274299145, 0.007027392741292715, -0.030009163543581963, 0.0, 0.0, 0.0, 0.0, 0.0, 0.0, 0.0, 0.0016378257423639297, -0.4028153419494629, -1.4944190979003906, -0.038503583520650864, 238.0
1126441, 0.003865232691168785, -0.40108248591423035, -1.4976502656936646, 0.015811575576663017, 0.006728358566761017, -0.030648808926343918, 0.0, 0.0, 0.0, 0.0, 0.0, 0.0, 0.0, 0.0022292770445346832, -0.4023876190185547, -1.494405746459961, -0.03785930573940277, 238.0
1126462, 0.0038579341489821672, -0.40109625458717346, -1.4976284503936768, 0.01581384427845478, 0.006402210332453251, -0.031052639707922935, 0.0, 0.0, 0.0, 0.0, 0.0, 0.0, 0.0, 0.0010952241718769073, -0.40258264541625977, -1.4943790435791016, -0.0380559116601944, 238.0
1126481, 0.003799690632149577, -0.401130348443985, -1.4975683689117432, 0.015900423750281334, 0.006243449170142412, -0.030937595292925835, 0.0, 0.0, 0.0, 0.0, 0.0, 0.0, 0.0, 0.00199894979596138, -0.4025588035583496, -1.4943733215332031, -0.03733042627573013, 241.0
1126501, 0.003879243042320013, -0.40112677216529846, -1.4977209568023682, 0.016040220856666565, 0.006219422444701195, -0.032066185027360916, 0.0, 0.0, 0.0, 0.0, 0.0, 0.0, 0.0, 0.001860039308667183, -0.40277671813964844, -1.4945602416992188, -0.037654127925634384, 241.0
1126521, 0.003863716498017311, -0.40114066004753113, -1.4976656436920166, 0.01613331027328968, 0.006421086844056845, -0.03200853615999222, 0.0, 0.0, 0.0, 0.0, 0.0, 0.0, 0.0, 0.0018591824918985367, -0.4025392532348633, -1.4945354461669922, -0.03673096001148224, 241.0
1126541, 0.003945577889680862, -0.40112194418907166, -1.4978125095367432, 0.01648510992527008, 0.006533309817314148, -0.03271444886922836, 0.0, 0.0, 0.0, 0.0, 0.0, 0.0, 0.0, 0.0019181352108716965, -0.4026350975036621, -1.4944782257080078, -0.03518148139119148, 241.0
1126562, 0.003947130404412746, -0.4011310636997223, -1.497820496559143, 0.016659365966916084, 0.006683273706585169, -0.03254824876785278, 0.0, 0.0, 0.0, 0.0, 0.0, 0.0, 0.0, 0.001860879361629486, -0.40260791778564453, -1.4944076538085938, -0.03469125181436539, 241.0
1126581, 0.003995012026280165, -0.40111079812049866, -1.4978628158569336, 0.017085779458284378, 0.0069707902148365974, -0.0325826033949852, 0.0, 0.0, 0.0, 0.0, 0.0, 0.0, 0.0, 0.001899823546409607, -0.4026308059692383, -1.4945011138916016, -0.034428078681230545, 239.0
1126601, 0.0039043279830366373, -0.4011552035808563, -1.4976991415023804, 0.016886381432414055, 0.0069610923528671265, -0.031935445964336395, 0.0, 0.0, 0.0, 0.0, 0.0, 0.0, 0.0, 0.0016182847321033478, -0.4026775360107422, -1.4942665100097656, -0.035090479999780655, 239.0
1126621, 0.003876645117998123, -0.4011748433113098, -1.4976747035980225, 0.016546782106161118, 0.00702142808586359, -0.031450141221284866, 0.0, 0.0, 0.0, 0.0, 0.0, 0.0, 0.0, 0.0014850199222564697, -0.4025092124938965, -1.4944076538085938, -0.03417626768350601, 239.0
1126641, 0.0038494637701660395, -0.40117669105529785, -1.4976037740707397, 0.01626911200582981, 0.007029663771390915, -0.03066098317503929, 0.0, 0.0, 0.0, 0.0, 0.0, 0.0, 0.0, 0.0017036758363246918, -0.402529239654541, -1.4944477081298828, -0.03331948444247246, 239.0
1126662, 0.00402318499982357, -0.40111562609672546, -1.4978785514831543, 0.016508229076862335, 0.006839606910943985, -0.031577929854393005, 0.0, 0.0, 0.0, 0.0, 0.0, 0.0, 0.0, 0.0018671751022338867, -0.402590274810791, -1.4944381713867188, -0.03200588375329971, 239.0
1126681, 0.003939048852771521, -0.40113598108291626, -1.4976848363876343, 0.016018249094486237, 0.007056480273604393, -0.030368104577064514, 0.0, 0.0, 0.0, 0.0, 0.0, 0.0, 0.0, 0.0014309138059616089, -0.40290069580078125, -1.494405746459961, -0.037413522601127625, 240.0
1126701, 0.003973580431193113, -0.40112555027008057, -1.4977437257766724, 0.016173945739865303, 0.007060167379677296, -0.03034249134361744, 0.0, 0.0, 0.0, 0.0, 0.0, 0.0, 0.0, 0.0017404109239578247, -0.40294408798217773, -1.494171142578125, -0.03661907836794853, 240.0
1126721, 0.003941277042031288, -0.40114179253578186, -1.497637391090393, 0.016041859984397888, 0.007101097609847784, -0.029465876519680023, 0.0, 0.0, 0.0, 0.0, 0.0, 0.0, 0.0, 0.0012915488332509995, -0.403109073638916, -1.4941387176513672, -0.036563094705343246, 240.0
1126741, 0.003874612506479025, -0.4011562168598175, -1.497520923614502, 0.0156679879873991, 0.006899327505379915, -0.028663020581007004, 0.0, 0.0, 0.0, 0.0, 0.0, 0.0, 0.0, 0.0016171671450138092, -0.40269994735717773, -1.4944801330566406, -0.03572645038366318, 240.0
1126762, 0.003914802800863981, -0.4011409878730774, -1.4975779056549072, 0.015920357778668404, 0.006772813852876425, -0.028971893712878227, 0.0, 0.0, 0.0, 0.0, 0.0, 0.0, 0.0, 0.0024733692407608032, -0.4024620056152344, -1.4944477081298828, -0.03677412495017052, 240.0
1126781, 0.003875868394970894, -0.4011579751968384, -1.4974839687347412, 0.015556244179606438, 0.006834935862571001, -0.02885119803249836, 0.0, 0.0, 0.0, 0.0, 0.0, 0.0, 0.0, 0.0017578750848770142, -0.40257740020751953, -1.4943485260009766, -0.035567253828048706, 237.0
1126801, 0.003917263820767403, -0.4011317789554596, -1.4975285530090332, 0.015605926513671875, 0.006897027138620615, -0.029139114543795586, 0.0, 0.0, 0.0, 0.0, 0.0, 0.0, 0.0, 0.0017293449491262436, -0.4024176597595215, -1.4943485260009766, -0.03541199490427971, 237.0
1126821, 0.0038480840157717466, -0.4011724293231964, -1.4974474906921387, 0.0152969378978014, 0.0067130462266504765, -0.028893373906612396, 0.0, 0.0, 0.0, 0.0, 0.0, 0.0, 0.0, 0.0015199985355138779, -0.40280961990356445, -1.4944915771484375, -0.035395894199609756, 237.0
1126841, 0.003906219033524394, -0.40114709734916687, -1.4975268840789795, 0.015229164622724056, 0.006619477178901434, -0.029604488983750343, 0.0, 0.0, 0.0, 0.0, 0.0, 0.0, 0.0, 0.0024209078401327133, -0.40234899520874023, -1.4943962097167969, -0.036176647990942, 237.0
1126861, 0.003848097752779722, -0.40116173028945923, -1.4974415302276611, 0.01454094611108303, 0.006313483230769634, -0.02920919843018055, 0.0, 0.0, 0.0, 0.0, 0.0, 0.0, 0.0, 0.0017820745706558228, -0.40265893936157227, -1.4944400787353516, -0.03524851053953171, 237.0
1126881, 0.003798502031713724, -0.401187926530838, -1.49736487865448, 0.014331693761050701, 0.005864607635885477, -0.029166962951421738, 0.0, 0.0, 0.0, 0.0, 0.0, 0.0, 0.0, 0.001669183373451233, -0.4025731086730957, -1.494354248046875, -0.03561001271009445, 239.0
1126901, 0.0038147049490362406, -0.40119650959968567, -1.4974610805511475, 0.01423879899084568, 0.00571524677798152, -0.029795756563544273, 0.0, 0.0, 0.0, 0.0, 0.0, 0.0, 0.0, 0.0016156043857336044, -0.4027280807495117, -1.4943504333496094, -0.03664819896221161, 239.0
1126921, 0.0037716522347182035, -0.40122756361961365, -1.4974156618118286, 0.01422239001840353, 0.005543290171772242, -0.029502201825380325, 0.0, 0.0, 0.0, 0.0, 0.0, 0.0, 0.0, 0.0023159757256507874, -0.4023141860961914, -1.4944438934326172, -0.04206618666648865, 239.0
1126941, 0.0037939453031867743, -0.4012190103530884, -1.4975230693817139, 0.014380657114088535, 0.005246458575129509, -0.030339863151311874, 0.0, 0.0, 0.0, 0.0, 0.0, 0.0, 0.0, 0.0020285043865442276, -0.4023556709289551, -1.4944229125976562, -0.0422886423766613, 239.0
1126961, 0.003738845931366086, -0.4012661278247833, -1.4974725246429443, 0.014161373488605022, 0.005161421839147806, -0.030092503875494003, 0.0, 0.0, 0.0, 0.0, 0.0, 0.0, 0.0, 0.001982102170586586, -0.40282201766967773, -1.4942150115966797, -0.04285226762294769, 239.0
1126981, 0.0037024440243840218, -0.40129053592681885, -1.4974254369735718, 0.014063148759305477, 0.005178411025553942, -0.02989974431693554, 0.0, 0.0, 0.0, 0.0, 0.0, 0.0, 0.0, 0.0025589000433683395, -0.4022541046142578, -1.4944210052490234, -0.04193718358874321, 237.0
1127001, 0.0037321504205465317, -0.40128010511398315, -1.4975355863571167, 0.014340226538479328, 0.0051183863542973995, -0.030692290514707565, 0.0, 0.0, 0.0, 0.0, 0.0, 0.0, 0.0, 0.0025153234601020813, -0.4024624824523926, -1.4943561553955078, -0.04160678759217262, 237.0
1127021, 0.0037349809426814318, -0.4012982249259949, -1.4974879026412964, 0.014390015043318272, 0.005392695777118206, -0.030464516952633858, 0.0, 0.0, 0.0, 0.0, 0.0, 0.0, 0.0, 0.0023517105728387833, -0.40244579315185547, -1.4943294525146484, -0.04183145612478256, 237.0
1127041, 0.003712049685418606, -0.40130120515823364, -1.497462511062622, 0.01441755797713995, 0.005620086099952459, -0.030262978747487068, 0.0, 0.0, 0.0, 0.0, 0.0, 0.0, 0.0, 0.0020115412771701813, -0.4024982452392578, -1.494516372680664, -0.04071098193526268, 237.0
1127062, 0.0037638472858816385, -0.401291161775589, -1.4975825548171997, 0.014757541008293629, 0.005420602858066559, -0.03099662810564041, 0.0, 0.0, 0.0, 0.0, 0.0, 0.0, 0.0, 0.0023506321012973785, -0.4023585319519043, -1.4943771362304688, -0.04082382097840309, 237.0
1127081, 0.0037458445876836777, -0.40129461884498596, -1.497555136680603, 0.014622637070715427, 0.005531688686460257, -0.030849410220980644, 0.0, 0.0, 0.0, 0.0, 0.0, 0.0, 0.0, 0.0011972133070230484, -0.4026346206665039, -1.4943618774414062, -0.041439227759838104, 241.0
1127102, 0.0037822623271495104, -0.4012785851955414, -1.4976658821105957, 0.014608106575906277, 0.0057913498021662235, -0.03131284564733505, 0.0, 0.0, 0.0, 0.0, 0.0, 0.0, 0.0, 0.0020172037184238434, -0.40254783630371094, -1.49432373046875, -0.041240572929382324, 241.0
1127121, 0.003742212662473321, -0.401272714138031, -1.4976143836975098, 0.014349669218063354, 0.006223655305802822, -0.03100873902440071, 0.0, 0.0, 0.0, 0.0, 0.0, 0.0, 0.0, 0.0015173256397247314, -0.4027872085571289, -1.4943275451660156, -0.041874244809150696, 241.0
1127141, 0.003815076081082225, -0.40124520659446716, -1.4977667331695557, 0.014765892177820206, 0.006047695875167847, -0.031432799994945526, 0.0, 0.0, 0.0, 0.0, 0.0, 0.0, 0.0, 0.0021146684885025024, -0.4027748107910156, -1.4943904876708984, -0.04126058891415596, 241.0
1127161, 0.0038243436720222235, -0.4012439250946045, -1.4976907968521118, 0.01482157502323389, 0.005961459130048752, -0.030937571078538895, 0.0, 0.0, 0.0, 0.0, 0.0, 0.0, 0.0, 0.0015569496899843216, -0.40279722213745117, -1.4943885803222656, -0.041605301201343536, 241.0
1127181, 0.003754090052098036, -0.40126675367355347, -1.4976369142532349, 0.014514034613966942, 0.00600435072556138, -0.03038613684475422, 0.0, 0.0, 0.0, 0.0, 0.0, 0.0, 0.0, 0.0012156814336776733, -0.40293025970458984, -1.4943714141845703, -0.042182523757219315, 236.0
1127201, 0.0037944542709738016, -0.401249498128891, -1.4977165460586548, 0.014716288074851036, 0.005808895919471979, -0.030675480142235756, 0.0, 0.0, 0.0, 0.0, 0.0, 0.0, 0.0, 0.0021877922117710114, -0.40230894088745117, -1.4942398071289062, -0.04205990955233574, 236.0
1127221, 0.0037834597751498222, -0.40124592185020447, -1.4976415634155273, 0.014649120159447193, 0.006095759104937315, -0.030192486941814423, 0.0, 0.0, 0.0, 0.0, 0.0, 0.0, 0.0, 0.0016737878322601318, -0.4027442932128906, -1.4944038391113281, -0.04121305048465729, 236.0
1127241, 0.0037315001245588064, -0.401248574256897, -1.4976249933242798, 0.014335921965539455, 0.006158174015581608, -0.030099067836999893, 0.0, 0.0, 0.0, 0.0, 0.0, 0.0, 0.0, 0.00175495445728302, -0.4026298522949219, -1.4944381713867188, -0.040105320513248444, 236.0
1127261, 0.0037744580768048763, -0.4012352228164673, -1.497717022895813, 0.014476948417723179, 0.006125736050307751, -0.030296890065073967, 0.0, 0.0, 0.0, 0.0, 0.0, 0.0, 0.0, 0.0012871026992797852, -0.4027724266052246, -1.494405746459961, -0.03938864916563034, 236.0
1127281, 0.003791274968534708, -0.40123894810676575, -1.4976086616516113, 0.014740112237632275, 0.006089926231652498, -0.02958185039460659, 0.0, 0.0, 0.0, 0.0, 0.0, 0.0, 0.0, 0.0017425604164600372, -0.40270471572875977, -1.4944095611572266, -0.038768816739320755, 239.0
1127301, 0.003818934317678213, -0.40121808648109436, -1.4977061748504639, 0.014896326698362827, 0.006185885984450579, -0.03012555092573166, 0.0, 0.0, 0.0, 0.0, 0.0, 0.0, 0.0, 0.0013953987509012222, -0.40273046493530273, -1.4944114685058594, -0.038627177476882935, 239.0
1127321, 0.0037571026477962732, -0.40123674273490906, -1.4975894689559937, 0.014783219434320927, 0.006513701751828194, -0.02927623875439167, 0.0, 0.0, 0.0, 0.0, 0.0, 0.0, 0.0, 0.0013653039932250977, -0.40269947052001953, -1.4945087432861328, -0.039349671453237534, 239.0
1127341, 0.003836175426840782, -0.4012027382850647, -1.497667908668518, 0.015034100972115993, 0.006637353915721178, -0.029637297615408897, 0.0, 0.0, 0.0, 0.0, 0.0, 0.0, 0.0, 0.0022121239453554153, -0.40230751037597656, -1.4943771362304688, -0.038463201373815536, 239.0
1127361, 0.003769964212551713, -0.4012258052825928, -1.4975435733795166, 0.014650962315499783, 0.006730715278536081, -0.02878415212035179, 0.0, 0.0, 0.0, 0.0, 0.0, 0.0, 0.0, 0.001986987888813019, -0.40218019485473633, -1.4943790435791016, -0.03854021057486534, 239.0
1127381, 0.0037599424831569195, -0.4012160003185272, -1.4974536895751953, 0.014935250394046307, 0.006681103724986315, -0.028538180515170097, 0.0, 0.0, 0.0, 0.0, 0.0, 0.0, 0.0, 0.0017838981002569199, -0.4024949073791504, -1.4944629669189453, -0.038316626101732254, 235.0
1127401, 0.0038044850807636976, -0.4011920690536499, -1.4975414276123047, 0.015422718599438667, 0.006631582044064999, -0.028744637966156006, 0.0, 0.0, 0.0, 0.0, 0.0, 0.0, 0.0, 0.0016075186431407928, -0.4028477668762207, -1.4943370819091797, -0.038163576275110245, 235.0
1127421, 0.003783992026001215, -0.40119239687919617, -1.4974255561828613, 0.015196727588772774, 0.006732285022735596, -0.028232121840119362, 0.0, 0.0, 0.0, 0.0, 0.0, 0.0, 0.0, 0.0021884217858314514, -0.4024991989135742, -1.4943599700927734, -0.037812333554029465, 235.0
1127441, 0.003813310759142041, -0.4011875092983246, -1.497523546218872, 0.01548544131219387, 0.0066497367806732655, -0.028987649828195572, 0.0, 0.0, 0.0, 0.0, 0.0, 0.0, 0.0, 0.0016457736492156982, -0.4027438163757324, -1.4945144653320312, -0.03821961209177971, 235.0
1127461, 0.003774944692850113, -0.40119266510009766, -1.4974242448806763, 0.015376852825284004, 0.007002263329923153, -0.028523292392492294, 0.0, 0.0, 0.0, 0.0, 0.0, 0.0, 0.0, 0.0016444604843854904, -0.4025087356567383, -1.494354248046875, -0.03792711719870567, 235.0
1127481, 0.0037541722413152456, -0.4012020230293274, -1.4973583221435547, 0.015491071157157421, 0.007158363237977028, -0.0283821951597929, 0.0, 0.0, 0.0, 0.0, 0.0, 0.0, 0.0, 0.0018612034618854523, -0.40268659591674805, -1.494394302368164, -0.037114109843969345, 238.0
1127501, 0.0038107067812234163, -0.40115731954574585, -1.497474193572998, 0.015507626347243786, 0.007368854712694883, -0.02887243963778019, 0.0, 0.0, 0.0, 0.0, 0.0, 0.0, 0.0, 0.0021158717572689056, -0.40235233306884766, -1.4944286346435547, -0.03695278614759445, 238.0
1127521, 0.00382672599516809, -0.40113672614097595, -1.4974004030227661, 0.015528803691267967, 0.007699567824602127, -0.028862813487648964, 0.0, 0.0, 0.0, 0.0, 0.0, 0.0, 0.0, 0.002382079139351845, -0.4025154113769531, -1.494415283203125, -0.03757612779736519, 238.0
1127541, 0.003899990813806653, -0.4010967016220093, -1.4975166320800781, 0.015950236469507217, 0.007693102583289146, -0.029588839039206505, 0.0, 0.0, 0.0, 0.0, 0.0, 0.0, 0.0, 0.002054784446954727, -0.4025144577026367, -1.4943408966064453, -0.037014156579971313, 238.0
1127561, 0.0038701302837580442, -0.4011005461215973, -1.4974935054779053, 0.015417024493217468, 0.0077268509194254875, -0.029661206528544426, 0.0, 0.0, 0.0, 0.0, 0.0, 0.0, 0.0, 0.0013419557362794876, -0.40299510955810547, -1.494537353515625, -0.03596927598118782, 238.0
1127581, 0.003823767649009824, -0.40111538767814636, -1.4974454641342163, 0.015120605006814003, 0.007438556756824255, -0.02963355928659439, 0.0, 0.0, 0.0, 0.0, 0.0, 0.0, 0.0, 0.0013723205775022507, -0.4027562141418457, -1.4944686889648438, -0.035367924720048904, 239.0
1127601, 0.003897277871146798, -0.40106695890426636, -1.4975736141204834, 0.015492293983697891, 0.007509926334023476, -0.030175309628248215, 0.0, 0.0, 0.0, 0.0, 0.0, 0.0, 0.0, 0.0022285915911197662, -0.40239763259887695, -1.4944324493408203, -0.03574817255139351, 239.0
1127621, 0.003853627946227789, -0.4010870158672333, -1.497517704963684, 0.015474868938326836, 0.0071343849413096905, -0.030022136867046356, 0.0, 0.0, 0.0, 0.0, 0.0, 0.0, 0.0, 0.0018838383257389069, -0.40259265899658203, -1.494516372680664, -0.03533760458230972, 239.0
1127641, 0.003901800839230418, -0.4010578691959381, -1.4976387023925781, 0.015441404655575752, 0.007245227228850126, -0.030505510047078133, 0.0, 0.0, 0.0, 0.0, 0.0, 0.0, 0.0, 0.0013426169753074646, -0.40283632278442383, -1.494354248046875, -0.035965513437986374, 239.0
1127661, 0.0038934373296797276, -0.40106117725372314, -1.4976532459259033, 0.015546999871730804, 0.0075027598068118095, -0.030533205717802048, 0.0, 0.0, 0.0, 0.0, 0.0, 0.0, 0.0, 0.0023662857711315155, -0.4024991989135742, -1.49444580078125, -0.036384839564561844, 239.0
1127681, 0.0039060083217918873, -0.4010499119758606, -1.4976139068603516, 0.015227315947413445, 0.0074829962104558945, -0.0305020734667778, 0.0, 0.0, 0.0, 0.0, 0.0, 0.0, 0.0, 0.0025936607271432877, -0.40227699279785156, -1.4945602416992188, -0.03514523431658745, 240.0
1127701, 0.003930176142603159, -0.4010410010814667, -1.497728705406189, 0.015362647362053394, 0.007173911202698946, -0.031009895727038383, 0.0, 0.0, 0.0, 0.0, 0.0, 0.0, 0.0, 0.0018514879047870636, -0.40268754959106445, -1.494436264038086, -0.0334676131606102, 240.0
1127721, 0.00392841687425971, -0.40103641152381897, -1.4977192878723145, 0.014963923953473568, 0.0073165008798241615, -0.030894117429852486, 0.0, 0.0, 0.0, 0.0, 0.0, 0.0, 0.0, 0.0021207574754953384, -0.4023165702819824, -1.4944381713867188, -0.03276781365275383, 240.0
1127741, 0.0038342266343533993, -0.4010556936264038, -1.4975576400756836, 0.014647958800196648, 0.007348836865276098, -0.03011404536664486, 0.0, 0.0, 0.0, 0.0, 0.0, 0.0, 0.0, 0.0012783855199813843, -0.4027214050292969, -1.4943695068359375, -0.032581694424152374, 240.0
1127761, 0.003799549536779523, -0.40108799934387207, -1.4975194931030273, 0.01436189841479063, 0.0071241408586502075, -0.02958274818956852, 0.0, 0.0, 0.0, 0.0, 0.0, 0.0, 0.0, 0.0019041839987039566, -0.4031190872192383, -1.4940948486328125, -0.0325951911509037, 240.0
1127781, 0.003715251572430134, -0.4011341631412506, -1.4974393844604492, 0.01397581398487091, 0.006870068609714508, -0.0291486456990242, 0.0, 0.0, 0.0, 0.0, 0.0, 0.0, 0.0, 0.0015016235411167145, -0.4027223587036133, -1.4944038391113281, -0.03245902806520462, 239.0
1127802, 0.0037611606530845165, -0.40110549330711365, -1.497542142868042, 0.014404664747416973, 0.006687585264444351, -0.029709002003073692, 0.0, 0.0, 0.0, 0.0, 0.0, 0.0, 0.0, 0.0022912118583917618, -0.402341365814209, -1.4944934844970703, -0.03205416351556778, 239.0
1127821, 0.0037563396617770195, -0.40110886096954346, -1.4975453615188599, 0.01466656755656004, 0.006578685715794563, -0.029896052554249763, 0.0, 0.0, 0.0, 0.0, 0.0, 0.0, 0.0, 0.0022387951612472534, -0.40226173400878906, -1.4943046569824219, -0.03213416412472725, 239.0
1127841, 0.003794272430241108, -0.40110403299331665, -1.497617483139038, 0.014689723029732704, 0.006396744400262833, -0.03011523000895977, 0.0, 0.0, 0.0, 0.0, 0.0, 0.0, 0.0, 0.0018552448600530624, -0.40277814865112305, -1.4944839477539062, -0.032512176781892776, 239.0
1127861, 0.0037894451525062323, -0.4011308550834656, -1.4975357055664062, 0.014444904401898384, 0.00653537642210722, -0.02967478521168232, 0.0, 0.0, 0.0, 0.0, 0.0, 0.0, 0.0, 0.0015880614519119263, -0.4028139114379883, -1.4944477081298828, -0.03368700295686722, 239.0
1127881, 0.003723661880940199, -0.40115684270858765, -1.4974523782730103, 0.01418747566640377, 0.0062516373582184315, -0.029066922143101692, 0.0, 0.0, 0.0, 0.0, 0.0, 0.0, 0.0, 0.0012536048889160156, -0.40267515182495117, -1.4943199157714844, -0.03338518366217613, 239.0
1127902, 0.003765864996239543, -0.40114423632621765, -1.4975208044052124, 0.014424476772546768, 0.006447241175919771, -0.029175447300076485, 0.0, 0.0, 0.0, 0.0, 0.0, 0.0, 0.0, 0.001520814374089241, -0.4027438163757324, -1.494415283203125, -0.03407340124249458, 239.0
1127921, 0.003706841031089425, -0.40115755796432495, -1.4974305629730225, 0.01406190823763609, 0.0066961743868887424, -0.028983408585190773, 0.0, 0.0, 0.0, 0.0, 0.0, 0.0, 0.0, 0.0013028662651777267, -0.40276050567626953, -1.494384765625, -0.04025392234325409, 239.0
1127941, 0.003749833907932043, -0.40113890171051025, -1.497499704360962, 0.014135056175291538, 0.007133061531931162, -0.029279427602887154, 0.0, 0.0, 0.0, 0.0, 0.0, 0.0, 0.0, 0.0020230840891599655, -0.402529239654541, -1.4944820404052734, -0.04071260243654251, 239.0
1127961, 0.003710263641551137, -0.40116602182388306, -1.4974238872528076, 0.014078796841204166, 0.007153099402785301, -0.028894398361444473, 0.0, 0.0, 0.0, 0.0, 0.0, 0.0, 0.0, 0.0015745144337415695, -0.4028639793395996, -1.4944114685058594, -0.04165450483560562, 239.0
1127981, 0.003747419686987996, -0.4011329412460327, -1.4975037574768066, 0.014171241782605648, 0.007111548911780119, -0.029353583231568336, 0.0, 0.0, 0.0, 0.0, 0.0, 0.0, 0.0, 0.002074113115668297, -0.40232086181640625, -1.4943790435791016, -0.041969310492277145, 236.0
1128001, 0.0036919796839356422, -0.40115776658058167, -1.4974267482757568, 0.01401247177273035, 0.006971193011850119, -0.029113322496414185, 0.0, 0.0, 0.0, 0.0, 0.0, 0.0, 0.0, 0.0018590576946735382, -0.40276479721069336, -1.4944934844970703, -0.04083668068051338, 236.0
1128021, 0.0036671210546046495, -0.4011562466621399, -1.497371792793274, 0.013995540328323841, 0.006597599014639854, -0.029146231710910797, 0.0, 0.0, 0.0, 0.0, 0.0, 0.0, 0.0, 0.002042032778263092, -0.40235185623168945, -1.4943485260009766, -0.042160723358392715, 236.0
1128041, 0.0037229175213724375, -0.4011404514312744, -1.4974421262741089, 0.014602670446038246, 0.00656913360580802, -0.029177358373999596, 0.0, 0.0, 0.0, 0.0, 0.0, 0.0, 0.0, 0.0015256498008966446, -0.4028048515319824, -1.494476318359375, -0.04244232922792435, 236.0
1128061, 0.0036784950643777847, -0.40116146206855774, -1.4973818063735962, 0.014458725228905678, 0.006449056323617697, -0.02867422252893448, 0.0, 0.0, 0.0, 0.0, 0.0, 0.0, 0.0, 0.0013575199991464615, -0.40283918380737305, -1.4944000244140625, -0.04238264635205269, 236.0
1128081, 0.003716270672157407, -0.40114372968673706, -1.4974838495254517, 0.014720255509018898, 0.00646872678771615, -0.029242487624287605, 0.0, 0.0, 0.0, 0.0, 0.0, 0.0, 0.0, 0.0016772598028182983, -0.40268707275390625, -1.4945259094238281, -0.04164600372314453, 240.0
1128101, 0.0036805265117436647, -0.4011731743812561, -1.497415542602539, 0.01445197407156229, 0.006189486011862755, -0.029199261218309402, 0.0, 0.0, 0.0, 0.0, 0.0, 0.0, 0.0, 0.001730775460600853, -0.4025721549987793, -1.4944324493408203, -0.041767966002225876, 240.0
1128121, 0.003701999085023999, -0.40118351578712463, -1.4973832368850708, 0.014855572022497654, 0.006345553323626518, -0.02906789258122444, 0.0, 0.0, 0.0, 0.0, 0.0, 0.0, 0.0, 0.0018065553158521652, -0.4028749465942383, -1.4945087432861328, -0.04050598666071892, 240.0
1128141, 0.003730631899088621, -0.40117624402046204, -1.497472882270813, 0.015261238440871239, 0.006303331349045038, -0.029759230092167854, 0.0, 0.0, 0.0, 0.0, 0.0, 0.0, 0.0, 0.0018404051661491394, -0.40258312225341797, -1.494394302368164, -0.04072200134396553, 240.0
1128161, 0.0037175302859395742, -0.40118730068206787, -1.4974514245986938, 0.015492796897888184, 0.006427072919905186, -0.029983345419168472, 0.0, 0.0, 0.0, 0.0, 0.0, 0.0, 0.0, 0.0014580488204956055, -0.402773380279541, -1.494455337524414, -0.041030287742614746, 240.0
1128181, 0.003798847086727619, -0.4011596143245697, -1.4975627660751343, 0.01580240949988365, 0.006445999722927809, -0.03052397072315216, 0.0, 0.0, 0.0, 0.0, 0.0, 0.0, 0.0, 0.0019265934824943542, -0.4026780128479004, -1.4943771362304688, -0.04209153726696968, 240.0
1128201, 0.0037829081993550062, -0.40118327736854553, -1.49750816822052, 0.015509035438299179, 0.0063130296766757965, -0.03000488318502903, 0.0, 0.0, 0.0, 0.0, 0.0, 0.0, 0.0, 0.0017164107412099838, -0.40282440185546875, -1.4944133758544922, -0.040010109543800354, 240.0
1128221, 0.003742383560165763, -0.40121835470199585, -1.497476577758789, 0.015589827671647072, 0.0064942967146635056, -0.029811708256602287, 0.0, 0.0, 0.0, 0.0, 0.0, 0.0, 0.0, 0.0013879034668207169, -0.40323543548583984, -1.494272232055664, -0.03980869799852371, 240.0
1128241, 0.0038343598134815693, -0.4011887013912201, -1.4976301193237305, 0.016339322552084923, 0.006523426156491041, -0.030817341059446335, 0.0, 0.0, 0.0, 0.0, 0.0, 0.0, 0.0, 0.001696040853857994, -0.4026665687561035, -1.4945716857910156, -0.040371861308813095, 240.0
1128261, 0.003833868307992816, -0.4011973440647125, -1.4975836277008057, 0.016616813838481903, 0.006584878079593182, -0.030486751347780228, 0.0, 0.0, 0.0, 0.0, 0.0, 0.0, 0.0, 0.0014309752732515335, -0.40245580673217773, -1.4943313598632812, -0.03988132253289223, 240.0
1128281, 0.0039274608716368675, -0.40114325284957886, -1.497739315032959, 0.016928384080529213, 0.006633742246776819, -0.031132318079471588, 0.0, 0.0, 0.0, 0.0, 0.0, 0.0, 0.0, 0.0015386231243610382, -0.4027743339538574, -1.4943885803222656, -0.03833508491516113, 237.0
1128302, 0.003985300660133362, -0.4011426568031311, -1.4977082014083862, 0.017156092450022697, 0.006813717540353537, -0.03077073022723198, 0.0, 0.0, 0.0, 0.0, 0.0, 0.0, 0.0, 0.002199949696660042, -0.4025869369506836, -1.4944305419921875, -0.03804776445031166, 237.0
1128321, 0.004014532081782818, -0.40112581849098206, -1.4978175163269043, 0.01744695007801056, 0.006828709971159697, -0.03146189823746681, 0.0, 0.0, 0.0, 0.0, 0.0, 0.0, 0.0, 0.0009410213679075241, -0.40273523330688477, -1.494394302368164, -0.03830679878592491, 237.0
1128342, 0.004032924305647612, -0.4011225700378418, -1.4977492094039917, 0.01729712262749672, 0.0065419599413871765, -0.030725670978426933, 0.0, 0.0, 0.0, 0.0, 0.0, 0.0, 0.0, 0.002270147204399109, -0.4024324417114258, -1.4943866729736328, -0.03864837810397148, 237.0
1128361, 0.004038086626678705, -0.4011290967464447, -1.497758388519287, 0.017272841185331345, 0.006373802199959755, -0.030664384365081787, 0.0, 0.0, 0.0, 0.0, 0.0, 0.0, 0.0, 0.0021147839725017548, -0.4024815559387207, -1.4944534301757812, -0.038365840911865234, 237.0
1128381, 0.003985509276390076, -0.40117233991622925, -1.4976506233215332, 0.0168073121458292, 0.006250069011002779, -0.030051717534661293, 0.0, 0.0, 0.0, 0.0, 0.0, 0.0, 0.0, 0.0015919506549835205, -0.40256786346435547, -1.494302749633789, -0.03843555599451065, 243.0
1128401, 0.0040570711717009544, -0.4011436104774475, -1.4977366924285889, 0.01681259088218212, 0.006260193884372711, -0.03016822785139084, 0.0, 0.0, 0.0, 0.0, 0.0, 0.0, 0.0, 0.0017080586403608322, -0.40282201766967773, -1.4943656921386719, -0.04522254317998886, 243.0
1128421, 0.004019387997686863, -0.4011633098125458, -1.4976171255111694, 0.016594398766756058, 0.006287578493356705, -0.029096825048327446, 0.0, 0.0, 0.0, 0.0, 0.0, 0.0, 0.0, 0.0017320942133665085, -0.4026980400085449, -1.4945259094238281, -0.04123608022928238, 243.0
1128441, 0.004044681787490845, -0.4011540114879608, -1.4976969957351685, 0.016479047015309334, 0.006391945295035839, -0.029776155948638916, 0.0, 0.0, 0.0, 0.0, 0.0, 0.0, 0.0, 0.0009909328073263168, -0.4027285575866699, -1.4943561553955078, -0.04052191227674484, 243.0
1128461, 0.003997121937572956, -0.40116411447525024, -1.4976056814193726, 0.016225334256887436, 0.006651890464127064, -0.029285922646522522, 0.0, 0.0, 0.0, 0.0, 0.0, 0.0, 0.0, 0.002063281834125519, -0.40251922607421875, -1.4943809509277344, -0.03860392048954964, 243.0
1128481, 0.003941724542528391, -0.4011742174625397, -1.4974969625473022, 0.015646204352378845, 0.006731676869094372, -0.02875414676964283, 0.0, 0.0, 0.0, 0.0, 0.0, 0.0, 0.0, 0.001822086051106453, -0.40259504318237305, -1.4943618774414062, -0.03633234277367592, 241.0
1128501, 0.0040170918218791485, -0.40114274621009827, -1.4975841045379639, 0.015908127650618553, 0.006893019657582045, -0.029119376093149185, 0.0, 0.0, 0.0, 0.0, 0.0, 0.0, 0.0, 0.002112872898578644, -0.40254640579223633, -1.4944019317626953, -0.037722326815128326, 241.0
1128521, 0.003948239143937826, -0.40114688873291016, -1.4974828958511353, 0.015805205330252647, 0.007025403436273336, -0.028656167909502983, 0.0, 0.0, 0.0, 0.0, 0.0, 0.0, 0.0, 0.00201517716050148, -0.40240907669067383, -1.4944229125976562, -0.0363902822136879, 241.0
1128541, 0.004009620286524296, -0.4011269509792328, -1.4975634813308716, 0.015803899616003036, 0.006820238661020994, -0.029365623369812965, 0.0, 0.0, 0.0, 0.0, 0.0, 0.0, 0.0, 0.0021963361650705338, -0.4025397300720215, -1.4944133758544922, -0.04535999149084091, 241.0
1128561, 0.003985140006989241, -0.4011192321777344, -1.497498869895935, 0.01582615077495575, 0.007008641492575407, -0.029355816543102264, 0.0, 0.0, 0.0, 0.0, 0.0, 0.0, 0.0, 0.002328343689441681, -0.40253591537475586, -1.4944419860839844, -0.04465124383568764, 241.0
1128581, 0.0040068114176392555, -0.40111255645751953, -1.4975883960723877, 0.015819193795323372, 0.006992553360760212, -0.029904376715421677, 0.0, 0.0, 0.0, 0.0, 0.0, 0.0, 0.0, 0.0016683675348758698, -0.40256547927856445, -1.4944305419921875, -0.0446472242474556, 237.0
1128601, 0.003996118903160095, -0.4011094272136688, -1.4975306987762451, 0.015967970713973045, 0.007262935861945152, -0.02976398915052414, 0.0, 0.0, 0.0, 0.0, 0.0, 0.0, 0.0, 0.0021312199532985687, -0.40236473083496094, -1.4943904876708984, -0.04469313845038414, 237.0
1128621, 0.00395617913454771, -0.40111175179481506, -1.4974714517593384, 0.0159051064401865, 0.007669985760003328, -0.029314877465367317, 0.0, 0.0, 0.0, 0.0, 0.0, 0.0, 0.0, 0.0010895133018493652, -0.4027085304260254, -1.4943885803222656, -0.044764455407857895, 237.0
1128641, 0.003982395399361849, -0.4010947048664093, -1.4975864887237549, 0.016119834035634995, 0.007747141178697348, -0.02993045747280121, 0.0, 0.0, 0.0, 0.0, 0.0, 0.0, 0.0, 0.0017014294862747192, -0.4026651382446289, -1.4944705963134766, -0.04592697322368622, 237.0
1128661, 0.003973045386373997, -0.4010729193687439, -1.4975272417068481, 0.016156265512108803, 0.007729455828666687, -0.029995935037732124, 0.0, 0.0, 0.0, 0.0, 0.0, 0.0, 0.0, 0.0021532848477363586, -0.4023900032043457, -1.4943046569824219, -0.045928023755550385, 237.0
1128681, 0.004016392398625612, -0.4010481834411621, -1.4976696968078613, 0.016230758279561996, 0.007675567641854286, -0.030876828357577324, 0.0, 0.0, 0.0, 0.0, 0.0, 0.0, 0.0, 0.0013637449592351913, -0.4027099609375, -1.4944686889648438, -0.046365801244974136, 241.0
1128701, 0.004000596236437559, -0.4010487496852875, -1.4976246356964111, 0.01622929982841015, 0.007806753274053335, -0.030695807188749313, 0.0, 0.0, 0.0, 0.0, 0.0, 0.0, 0.0, 0.0014616698026657104, -0.4025759696960449, -1.4944610595703125, -0.044180288910865784, 241.0
1128721, 0.003949674777686596, -0.4010661542415619, -1.4975509643554688, 0.01584748923778534, 0.007914820685982704, -0.030215881764888763, 0.0, 0.0, 0.0, 0.0, 0.0, 0.0, 0.0, 0.001670079305768013, -0.4028306007385254, -1.4944438934326172, -0.04389181360602379, 241.0
1128741, 0.0039926376193761826, -0.40103113651275635, -1.4976742267608643, 0.016122298315167427, 0.00783435720950365, -0.03073587641119957, 0.0, 0.0, 0.0, 0.0, 0.0, 0.0, 0.0, 0.0016068574041128159, -0.4026522636413574, -1.4944438934326172, -0.044376127421855927, 241.0
1128761, 0.003945387899875641, -0.4010419547557831, -1.49764883518219, 0.016067005693912506, 0.00802768487483263, -0.030912749469280243, 0.0, 0.0, 0.0, 0.0, 0.0, 0.0, 0.0, 0.0021021608263254166, -0.4025387763977051, -1.4943199157714844, -0.0436071902513504, 241.0
1128781, 0.004012377001345158, -0.4009987711906433, -1.4977607727050781, 0.016174420714378357, 0.008168972097337246, -0.03115222230553627, 0.0, 0.0, 0.0, 0.0, 0.0, 0.0, 0.0, 0.0024446938186883926, -0.4024848937988281, -1.4945354461669922, -0.044630419462919235, 238.0
1128801, 0.003989255987107754, -0.4009890854358673, -1.4977104663848877, 0.01618598774075508, 0.008067178539931774, -0.03106563910841942, 0.0, 0.0, 0.0, 0.0, 0.0, 0.0, 0.0, 0.002057097852230072, -0.40229225158691406, -1.4943370819091797, -0.0435476079583168, 238.0
1128821, 0.003972375299781561, -0.4009980261325836, -1.4977117776870728, 0.016000982373952866, 0.008067661896348, -0.030927879735827446, 0.0, 0.0, 0.0, 0.0, 0.0, 0.0, 0.0, 0.0021798983216285706, -0.40247201919555664, -1.4944705963134766, -0.04136587306857109, 238.0
1128842, 0.004031577613204718, -0.4009655714035034, -1.497825026512146, 0.01624799147248268, 0.00813480094075203, -0.03162766993045807, 0.0, 0.0, 0.0, 0.0, 0.0, 0.0, 0.0, 0.0019840504974126816, -0.4027385711669922, -1.4943962097167969, -0.041276752948760986, 238.0
1128861, 0.003977359272539616, -0.400984525680542, -1.4977638721466064, 0.016019182279706, 0.007996590808033943, -0.0313291922211647, 0.0, 0.0, 0.0, 0.0, 0.0, 0.0, 0.0, 0.0018550287932157516, -0.40270471572875977, -1.4944343566894531, -0.04147324711084366, 238.0
1128881, 0.003994314465671778, -0.4009806215763092, -1.497756838798523, 0.015804463997483253, 0.007793076802045107, -0.0314345583319664, 0.0, 0.0, 0.0, 0.0, 0.0, 0.0, 0.0, 0.002183876931667328, -0.40243005752563477, -1.4944572448730469, -0.038820840418338776, 235.0
1128901, 0.003876984817907214, -0.4010370671749115, -1.497557520866394, 0.015247009694576263, 0.007788614369928837, -0.030553627759218216, 0.0, 0.0, 0.0, 0.0, 0.0, 0.0, 0.0, 0.0020066648721694946, -0.4026298522949219, -1.4944133758544922, -0.037326276302337646, 235.0
1128921, 0.003838000353425741, -0.4010430872440338, -1.4975001811981201, 0.01478926558047533, 0.0075738499872386456, -0.030108729377388954, 0.0, 0.0, 0.0, 0.0, 0.0, 0.0, 0.0, 0.0014312807470560074, -0.40273380279541016, -1.4944686889648438, -0.0360916368663311, 235.0
1128942, 0.00386822666041553, -0.40103352069854736, -1.4976037740707397, 0.015263834968209267, 0.007393070962280035, -0.030392460525035858, 0.0, 0.0, 0.0, 0.0, 0.0, 0.0, 0.0, 0.001995701342821121, -0.4026050567626953, -1.4944000244140625, -0.03421783447265625, 235.0
1128961, 0.0038307392969727516, -0.40105554461479187, -1.4975119829177856, 0.01520792581140995, 0.007459752261638641, -0.029706742614507675, 0.0, 0.0, 0.0, 0.0, 0.0, 0.0, 0.0, 0.0015846341848373413, -0.40279436111450195, -1.494466781616211, -0.03498559072613716, 235.0
1128981, 0.00394236296415329, -0.4009982645511627, -1.4977400302886963, 0.015814080834388733, 0.007687876932322979, -0.0302344411611557, 0.0, 0.0, 0.0, 0.0, 0.0, 0.0, 0.0, 0.0015474669635295868, -0.40274572372436523, -1.494485855102539, -0.03458400070667267, 239.0
1129001, 0.00395386666059494, -0.40099507570266724, -1.4978100061416626, 0.015655048191547394, 0.00764272129163146, -0.030435554683208466, 0.0, 0.0, 0.0, 0.0, 0.0, 0.0, 0.0, 0.002090226858854294, -0.4022836685180664, -1.4944210052490234, -0.03579965978860855, 239.0
1129021, 0.003938068635761738, -0.40100762248039246, -1.4977155923843384, 0.015703555196523666, 0.007775949779897928, -0.02997605688869953, 0.0, 0.0, 0.0, 0.0, 0.0, 0.0, 0.0, 0.0016561411321163177, -0.4024477005004883, -1.494466781616211, -0.035385213792324066, 239.0
1129041, 0.0038229406345635653, -0.4010562300682068, -1.497470498085022, 0.015191562473773956, 0.007676403503865004, -0.02889280579984188, 0.0, 0.0, 0.0, 0.0, 0.0, 0.0, 0.0, 0.001637762412428856, -0.4026975631713867, -1.4943561553955078, -0.03389843925833702, 239.0
1129061, 0.003773655742406845, -0.401088684797287, -1.497382402420044, 0.015023360960185528, 0.007559260819107294, -0.028440166264772415, 0.0, 0.0, 0.0, 0.0, 0.0, 0.0, 0.0, 0.0022456422448158264, -0.40250396728515625, -1.4945201873779297, -0.032762810587882996, 239.0
1129081, 0.003807832719758153, -0.4010734558105469, -1.497453212738037, 0.014822464436292648, 0.007380439434200525, -0.02878836914896965, 0.0, 0.0, 0.0, 0.0, 0.0, 0.0, 0.0, 0.001880822703242302, -0.40260934829711914, -1.4945144653320312, -0.03185909241437912, 244.0
1129101, 0.0037728208117187023, -0.4010915756225586, -1.497349739074707, 0.014516636729240417, 0.00729601364582777, -0.0285317525267601, 0.0, 0.0, 0.0, 0.0, 0.0, 0.0, 0.0, 0.0025702863931655884, -0.4023418426513672, -1.4944953918457031, -0.029755569994449615, 244.0
1129121, 0.0037284004501998425, -0.401107519865036, -1.4972810745239258, 0.014481541700661182, 0.007539587095379829, -0.02821563370525837, 0.0, 0.0, 0.0, 0.0, 0.0, 0.0, 0.0, 0.0015089493244886398, -0.4027390480041504, -1.4944953918457031, -0.02950478158891201, 244.0
1129141, 0.0037779733538627625, -0.4010743498802185, -1.4973814487457275, 0.014859487302601337, 0.007655991706997156, -0.028722533956170082, 0.0, 0.0, 0.0, 0.0, 0.0, 0.0, 0.0, 0.001514257863163948, -0.40275144577026367, -1.4945430755615234, -0.02904651127755642, 244.0
1129161, 0.0037346382159739733, -0.40110549330711365, -1.4972981214523315, 0.015102919191122055, 0.007488972041755915, -0.028145289048552513, 0.0, 0.0, 0.0, 0.0, 0.0, 0.0, 0.0, 0.0019407179206609726, -0.40273523330688477, -1.4944133758544922, -0.02846660278737545, 244.0
1129181, 0.003765024244785309, -0.40108776092529297, -1.4973845481872559, 0.015101101249456406, 0.007394421845674515, -0.028454340994358063, 0.0, 0.0, 0.0, 0.0, 0.0, 0.0, 0.0, 0.001290915533900261, -0.4026627540588379, -1.4944095611572266, -0.027856986969709396, 238.0
1129201, 0.003754417644813657, -0.4010993540287018, -1.4973169565200806, 0.01527482457458973, 0.007210765965282917, -0.027804967015981674, 0.0, 0.0, 0.0, 0.0, 0.0, 0.0, 0.0, 0.0021935254335403442, -0.4023294448852539, -1.4944267272949219, -0.02791699580848217, 238.0
1129221, 0.0037282598204910755, -0.40111827850341797, -1.497246265411377, 0.015242110937833786, 0.007379038725048304, -0.02734818309545517, 0.0, 0.0, 0.0, 0.0, 0.0, 0.0, 0.0, 0.0015141628682613373, -0.40276622772216797, -1.494424819946289, -0.029148850589990616, 238.0
1129242, 0.003778481390327215, -0.4010976552963257, -1.4973500967025757, 0.015466075390577316, 0.007290224079042673, -0.02823358029127121, 0.0, 0.0, 0.0, 0.0, 0.0, 0.0, 0.0, 0.0012710653245449066, -0.40264320373535156, -1.4944992065429688, -0.028630584478378296, 238.0
1129261, 0.003773546777665615, -0.40111202001571655, -1.4972896575927734, 0.015294966287910938, 0.007088514510542154, -0.028488213196396828, 0.0, 0.0, 0.0, 0.0, 0.0, 0.0, 0.0, 0.0023010075092315674, -0.4023270606994629, -1.4944324493408203, -0.02836654521524906, 238.0
1129281, 0.003785506123676896, -0.40109342336654663, -1.4973944425582886, 0.015071574598550797, 0.007043558172881603, -0.029502633959054947, 0.0, 0.0, 0.0, 0.0, 0.0, 0.0, 0.0, 0.002073992043733597, -0.40232086181640625, -1.4943809509277344, -0.026360725983977318, 239.0
1129301, 0.0037686910945922136, -0.40111100673675537, -1.4973634481430054, 0.014985280111432076, 0.007119953166693449, -0.02941201440989971, 0.0, 0.0, 0.0, 0.0, 0.0, 0.0, 0.0, 0.0021399520337581635, -0.40263891220092773, -1.4945507049560547, -0.02622009813785553, 239.0
1129321, 0.0037190644070506096, -0.401129812002182, -1.4973249435424805, 0.01476597972214222, 0.007208792492747307, -0.02914998307824135, 0.0, 0.0, 0.0, 0.0, 0.0, 0.0, 0.0, 0.0015959665179252625, -0.4026970863342285, -1.4945220947265625, -0.026223720982670784, 239.0
1129342, 0.003799519967287779, -0.40110376477241516, -1.4974333047866821, 0.015125925652682781, 0.007413594983518124, -0.03008297272026539, 0.0, 0.0, 0.0, 0.0, 0.0, 0.0, 0.0, 0.002511207014322281, -0.4024991989135742, -1.4944820404052734, -0.026174625381827354, 239.0
1129361, 0.003726466791704297, -0.40112173557281494, -1.4974030256271362, 0.014619034714996815, 0.007218139246106148, -0.030197033658623695, 0.0, 0.0, 0.0, 0.0, 0.0, 0.0, 0.0, 0.001400938257575035, -0.4027523994445801, -1.49444580078125, -0.02440943941473961, 239.0
1129381, 0.0038003278896212578, -0.4010874032974243, -1.497567057609558, 0.014733497053384781, 0.007257038727402687, -0.03131852298974991, 0.0, 0.0, 0.0, 0.0, 0.0, 0.0, 0.0, 0.0017844587564468384, -0.40259742736816406, -1.4944343566894531, -0.025042973458766937, 235.0
1129401, 0.0037570707499980927, -0.4011038541793823, -1.4975382089614868, 0.014895769767463207, 0.0073141674511134624, -0.0316741019487381, 0.0, 0.0, 0.0, 0.0, 0.0, 0.0, 0.0, 0.0019162259995937347, -0.4024791717529297, -1.494302749633789, -0.023835020139813423, 235.0
1129421, 0.0037325331941246986, -0.40111082792282104, -1.4975067377090454, 0.014890761114656925, 0.0075943684205412865, -0.03156232461333275, 0.0, 0.0, 0.0, 0.0, 0.0, 0.0, 0.0, 0.002116294577717781, -0.4024543762207031, -1.4944190979003906, -0.02357974275946617, 235.0
1129442, 0.0037734229117631912, -0.40109193325042725, -1.4976505041122437, 0.015225489623844624, 0.007183182518929243, -0.0322796031832695, 0.0, 0.0, 0.0, 0.0, 0.0, 0.0, 0.0, 0.0014468654990196228, -0.40288734436035156, -1.4943790435791016, -0.023444069549441338, 235.0
1129461, 0.003819405334070325, -0.40107929706573486, -1.4976856708526611, 0.015824437141418457, 0.007086249068379402, -0.032181259244680405, 0.0, 0.0, 0.0, 0.0, 0.0, 0.0, 0.0, 0.002019209787249565, -0.40238046646118164, -1.4944324493408203, -0.023050205782055855, 235.0
1129481, 0.003909275401383638, -0.4010424017906189, -1.4978889226913452, 0.01643187366425991, 0.007062309887260199, -0.03253916651010513, 0.0, 0.0, 0.0, 0.0, 0.0, 0.0, 0.0, 0.00154886394739151, -0.40285158157348633, -1.494516372680664, -0.029070861637592316, 238.0
1129501, 0.003913334105163813, -0.40105584263801575, -1.4978479146957397, 0.01652929000556469, 0.007410414516925812, -0.03204454854130745, 0.0, 0.0, 0.0, 0.0, 0.0, 0.0, 0.0, 0.0024917535483837128, -0.4024620056152344, -1.4945049285888672, -0.02793976292014122, 238.0
1129521, 0.003907310776412487, -0.401072233915329, -1.4977548122406006, 0.016329417005181313, 0.007327964995056391, -0.031123731285333633, 0.0, 0.0, 0.0, 0.0, 0.0, 0.0, 0.0, 0.0017828363925218582, -0.40308618545532227, -1.4941864013671875, -0.027018772438168526, 238.0
1129542, 0.003964005503803492, -0.4010469317436218, -1.4978580474853516, 0.01662633754312992, 0.007481453940272331, -0.03131502494215965, 0.0, 0.0, 0.0, 0.0, 0.0, 0.0, 0.0, 0.0019183196127414703, -0.4025249481201172, -1.4944648742675781, -0.02773204818367958, 238.0
1129561, 0.003931059967726469, -0.40106403827667236, -1.497737169265747, 0.01623523235321045, 0.007490768563002348, -0.030703183263540268, 0.0, 0.0, 0.0, 0.0, 0.0, 0.0, 0.0, 0.0023639723658561707, -0.4026188850402832, -1.4943008422851562, -0.027539875358343124, 238.0
1129582, 0.003981309477239847, -0.40103983879089355, -1.497812271118164, 0.01628747582435608, 0.007266036234796047, -0.030917296186089516, 0.0, 0.0, 0.0, 0.0, 0.0, 0.0, 0.0, 0.0020573828369379044, -0.40253162384033203, -1.4943828582763672, -0.02603505179286003, 237.0
1129601, 0.003983955830335617, -0.40105438232421875, -1.497707486152649, 0.016349278390407562, 0.007281966041773558, -0.030158597975969315, 0.0, 0.0, 0.0, 0.0, 0.0, 0.0, 0.0, 0.0013870541006326675, -0.4028491973876953, -1.494394302368164, -0.02574496902525425, 237.0
1129621, 0.003924498800188303, -0.4010876417160034, -1.4975976943969727, 0.01611356809735298, 0.0072106909938156605, -0.029605183750391006, 0.0, 0.0, 0.0, 0.0, 0.0, 0.0, 0.0, 0.0009770486503839493, -0.4027280807495117, -1.4943428039550781, -0.02398538962006569, 237.0
1129641, 0.003962736576795578, -0.4010767936706543, -1.4976756572723389, 0.01606646552681923, 0.0070998030714690685, -0.029786063358187675, 0.0, 0.0, 0.0, 0.0, 0.0, 0.0, 0.0, 0.0016699563711881638, -0.40275001525878906, -1.4943714141845703, -0.023778773844242096, 237.0
1129661, 0.003926191478967667, -0.40109795331954956, -1.497560739517212, 0.015492092818021774, 0.006758443079888821, -0.02934972755610943, 0.0, 0.0, 0.0, 0.0, 0.0, 0.0, 0.0, 0.0021679773926734924, -0.40216636657714844, -1.4944381713867188, -0.024264294654130936, 237.0
1129681, 0.003987003583461046, -0.4010727107524872, -1.4976426362991333, 0.015479742549359798, 0.006761024706065655, -0.030108662322163582, 0.0, 0.0, 0.0, 0.0, 0.0, 0.0, 0.0, 0.0015870071947574615, -0.40268516540527344, -1.4943656921386719, -0.023910364136099815, 239.0
1129701, 0.003909645136445761, -0.40111035108566284, -1.4975306987762451, 0.015451631508767605, 0.0065685417503118515, -0.029279399663209915, 0.0, 0.0, 0.0, 0.0, 0.0, 0.0, 0.0, 0.0014820359647274017, -0.40271568298339844, -1.4944038391113281, -0.031119219958782196, 239.0
1129721, 0.003852700348943472, -0.4011392295360565, -1.4974470138549805, 0.015250107273459435, 0.006683566141873598, -0.02909165434539318, 0.0, 0.0, 0.0, 0.0, 0.0, 0.0, 0.0, 0.0015138108283281326, -0.402707576751709, -1.4944477081298828, -0.027789831161499023, 239.0
1129741, 0.003897339105606079, -0.4011112451553345, -1.4975601434707642, 0.015303926542401314, 0.006951617076992989, -0.029919013381004333, 0.0, 0.0, 0.0, 0.0, 0.0, 0.0, 0.0, 0.0015705134719610214, -0.40268516540527344, -1.4944210052490234, -0.02704915963113308, 239.0
1129761, 0.003865837585180998, -0.40113210678100586, -1.4974846839904785, 0.015079692006111145, 0.007078560534864664, -0.029364686459302902, 0.0, 0.0, 0.0, 0.0, 0.0, 0.0, 0.0, 0.0018087588250637054, -0.4027132987976074, -1.4944324493408203, -0.03156335651874542, 239.0
1129781, 0.003916913643479347, -0.401106595993042, -1.4976006746292114, 0.015261339955031872, 0.007065505255013704, -0.029718192294239998, 0.0, 0.0, 0.0, 0.0, 0.0, 0.0, 0.0, 0.0018875747919082642, -0.4024472236633301, -1.4943695068359375, -0.032264016568660736, 236.0
1129801, 0.003851731773465872, -0.40112486481666565, -1.4975266456604004, 0.014690933749079704, 0.0070691718719899654, -0.029407531023025513, 0.0, 0.0, 0.0, 0.0, 0.0, 0.0, 0.0, 0.0016356594860553741, -0.4027080535888672, -1.494314193725586, -0.03259221091866493, 236.0
1129821, 0.0038040420040488243, -0.4011403024196625, -1.4974554777145386, 0.014723114669322968, 0.0069998204708099365, -0.028823964297771454, 0.0, 0.0, 0.0, 0.0, 0.0, 0.0, 0.0, 0.0021299291402101517, -0.40236949920654297, -1.4944725036621094, -0.0376429408788681, 236.0
1129841, 0.0038516423664987087, -0.4011012315750122, -1.4975687265396118, 0.014749296940863132, 0.007310095243155956, -0.029216047376394272, 0.0, 0.0, 0.0, 0.0, 0.0, 0.0, 0.0, 0.001868702471256256, -0.4027552604675293, -1.4944114685058594, -0.037419285625219345, 236.0
1129861, 0.003796524601057172, -0.401121586561203, -1.4974911212921143, 0.01461738534271717, 0.0073858159594237804, -0.028928883373737335, 0.0, 0.0, 0.0, 0.0, 0.0, 0.0, 0.0, 0.002222709357738495, -0.40251922607421875, -1.494415283203125, -0.03745833411812782, 236.0
1129882, 0.0038771037943661213, -0.40108922123908997, -1.4976048469543457, 0.01512946654111147, 0.007125391624867916, -0.029708126559853554, 0.0, 0.0, 0.0, 0.0, 0.0, 0.0, 0.0, 0.0023059751838445663, -0.4025545120239258, -1.4943904876708984, -0.03639565780758858, 232.0
1129901, 0.003843019949272275, -0.4011008143424988, -1.4975512027740479, 0.015218419022858143, 0.007366848643869162, -0.029510147869586945, 0.0, 0.0, 0.0, 0.0, 0.0, 0.0, 0.0, 0.0014529749751091003, -0.40269994735717773, -1.4943370819091797, -0.03671574220061302, 232.0
1129921, 0.0039011421613395214, -0.40106749534606934, -1.4976550340652466, 0.015423783101141453, 0.007396608591079712, -0.030459057539701462, 0.0, 0.0, 0.0, 0.0, 0.0, 0.0, 0.0, 0.0014642886817455292, -0.4027423858642578, -1.4943904876708984, -0.035879384726285934, 232.0
1129942, 0.0038849753327667713, -0.4010770320892334, -1.4976288080215454, 0.015419240109622478, 0.007100403308868408, -0.030489481985569, 0.0, 0.0, 0.0, 0.0, 0.0, 0.0, 0.0, 0.0020318031311035156, -0.4023447036743164, -1.494424819946289, -0.03643457591533661, 232.0
1129961, 0.003848935244604945, -0.40109163522720337, -1.4975699186325073, 0.01571905054152012, 0.007123577408492565, -0.030418861657381058, 0.0, 0.0, 0.0, 0.0, 0.0, 0.0, 0.0, 0.0018526427447795868, -0.4025254249572754, -1.4944953918457031, -0.03530995175242424, 232.0
1129981, 0.003907037898898125, -0.40107104182243347, -1.4977335929870605, 0.01618850976228714, 0.007080124691128731, -0.03108186088502407, 0.0, 0.0, 0.0, 0.0, 0.0, 0.0, 0.0, 0.0012719295918941498, -0.4028282165527344, -1.4944725036621094, -0.034362297505140305, 239.0
1130001, 0.0039207483641803265, -0.40107202529907227, -1.4977529048919678, 0.015882592648267746, 0.007374157197773457, -0.03146057948470116, 0.0, 0.0, 0.0, 0.0, 0.0, 0.0, 0.0, 0.002033619210124016, -0.40257835388183594, -1.4944343566894531, -0.034795165061950684, 239.0
1130021, 0.003907543607056141, -0.40106043219566345, -1.4976850748062134, 0.015724411234259605, 0.008038417436182499, -0.03099711425602436, 0.0, 0.0, 0.0, 0.0, 0.0, 0.0, 0.0, 0.0019918885082006454, -0.40237951278686523, -1.4943428039550781, -0.03470379859209061, 239.0
1130042, 0.003966780845075846, -0.4010237157344818, -1.4978018999099731, 0.01603904739022255, 0.008069735951721668, -0.03166443482041359, 0.0, 0.0, 0.0, 0.0, 0.0, 0.0, 0.0, 0.0016346164047718048, -0.40242719650268555, -1.494394302368164, -0.034387972205877304, 239.0
1130061, 0.003936348482966423, -0.40102991461753845, -1.4977535009384155, 0.01564813032746315, 0.008123674429953098, -0.03162635117769241, 0.0, 0.0, 0.0, 0.0, 0.0, 0.0, 0.0, 0.0014524981379508972, -0.40285778045654297, -1.494455337524414, -0.034976981580257416, 239.0
1130081, 0.003830228466540575, -0.401055246591568, -1.4975941181182861, 0.015062072314321995, 0.008232944644987583, -0.03082464262843132, 0.0, 0.0, 0.0, 0.0, 0.0, 0.0, 0.0, 0.0016283877193927765, -0.40271663665771484, -1.4946155548095703, -0.034588899463415146, 242.0
1130101, 0.0038213063962757587, -0.4010642468929291, -1.4975659847259521, 0.015437598340213299, 0.007997849956154823, -0.030416689813137054, 0.0, 0.0, 0.0, 0.0, 0.0, 0.0, 0.0, 0.0021050721406936646, -0.4025287628173828, -1.4945220947265625, -0.03447115793824196, 242.0
1130121, 0.00377765204757452, -0.40107911825180054, -1.497488260269165, 0.01543509867042303, 0.007979033514857292, -0.030009230598807335, 0.0, 0.0, 0.0, 0.0, 0.0, 0.0, 0.0, 0.0021585188806056976, -0.4025449752807617, -1.4943599700927734, -0.03403816372156143, 242.0
1130142, 0.0038309134542942047, -0.4010535776615143, -1.4975895881652832, 0.015557531267404556, 0.007924087345600128, -0.030375689268112183, 0.0, 0.0, 0.0, 0.0, 0.0, 0.0, 0.0, 0.0019958894699811935, -0.40269899368286133, -1.4944076538085938, -0.033781327307224274, 242.0
1130161, 0.0038103563711047173, -0.4010460078716278, -1.497481346130371, 0.015450098551809788, 0.008230449631810188, -0.029528018087148666, 0.0, 0.0, 0.0, 0.0, 0.0, 0.0, 0.0, 0.0020386334508657455, -0.4022531509399414, -1.494302749633789, -0.03398709371685982, 242.0
1130181, 0.003842149395495653, -0.40102308988571167, -1.4975557327270508, 0.015440783463418484, 0.008086412213742733, -0.029468975961208344, 0.0, 0.0, 0.0, 0.0, 0.0, 0.0, 0.0, 0.001454157754778862, -0.40290355682373047, -1.4944019317626953, -0.03452261537313461, 245.0
1130201, 0.003821864491328597, -0.40102654695510864, -1.4974684715270996, 0.01548731978982687, 0.008151087909936905, -0.02934650331735611, 0.0, 0.0, 0.0, 0.0, 0.0, 0.0, 0.0, 0.0017161648720502853, -0.4026212692260742, -1.4943675994873047, -0.034078449010849, 245.0
1130221, 0.003778347047045827, -0.40105411410331726, -1.4973812103271484, 0.015360563062131405, 0.00797284860163927, -0.02881980873644352, 0.0, 0.0, 0.0, 0.0, 0.0, 0.0, 0.0, 0.00139719620347023, -0.40279340744018555, -1.4944877624511719, -0.03369700536131859, 245.0
1130241, 0.003839005483314395, -0.4010144770145416, -1.4974595308303833, 0.015450583770871162, 0.008127727545797825, -0.029065139591693878, 0.0, 0.0, 0.0, 0.0, 0.0, 0.0, 0.0, 0.0017177443951368332, -0.402799129486084, -1.494415283203125, -0.034305524080991745, 245.0
1130261, 0.003806683234870434, -0.40103939175605774, -1.4973653554916382, 0.015288665890693665, 0.007895748130977154, -0.02856873720884323, 0.0, 0.0, 0.0, 0.0, 0.0, 0.0, 0.0, 0.00227414071559906, -0.4026188850402832, -1.4944038391113281, -0.03351997584104538, 245.0
1130281, 0.0038275367114692926, -0.4010222852230072, -1.4974215030670166, 0.015186559408903122, 0.007893912494182587, -0.02886388637125492, 0.0, 0.0, 0.0, 0.0, 0.0, 0.0, 0.0, 0.0014117900282144547, -0.4026484489440918, -1.4944629669189453, -0.03234393149614334, 241.0
1130301, 0.0038022114895284176, -0.4010455310344696, -1.4973734617233276, 0.015132763423025608, 0.007690422236919403, -0.02882419340312481, 0.0, 0.0, 0.0, 0.0, 0.0, 0.0, 0.0, 0.0016842596232891083, -0.40279340744018555, -1.4946250915527344, -0.03225048631429672, 241.0
1130321, 0.003820227226242423, -0.4010290503501892, -1.497437596321106, 0.014994006603956223, 0.007627155166119337, -0.029129743576049805, 0.0, 0.0, 0.0, 0.0, 0.0, 0.0, 0.0, 0.0019947215914726257, -0.40261077880859375, -1.4943714141845703, -0.031209681183099747, 241.0
1130341, 0.003834991017356515, -0.40103453397750854, -1.4973998069763184, 0.015035038813948631, 0.007700910791754723, -0.028987210243940353, 0.0, 0.0, 0.0, 0.0, 0.0, 0.0, 0.0, 0.0020583048462867737, -0.4022798538208008, -1.4944725036621094, -0.030702639371156693, 241.0
1130361, 0.003744288580492139, -0.40107038617134094, -1.4973341226577759, 0.014421292580664158, 0.00758716743439436, -0.02905670367181301, 0.0, 0.0, 0.0, 0.0, 0.0, 0.0, 0.0, 0.0012216437608003616, -0.40282535552978516, -1.494384765625, -0.031107664108276367, 241.0
1130381, 0.0037950011901557446, -0.40103137493133545, -1.497436285018921, 0.014544493518769741, 0.00771376583725214, -0.029643455520272255, 0.0, 0.0, 0.0, 0.0, 0.0, 0.0, 0.0, 0.002252187579870224, -0.4024806022644043, -1.4944381713867188, -0.03052584081888199, 238.0
1130401, 0.003725051647052169, -0.40107834339141846, -1.497380018234253, 0.014517241157591343, 0.007681027986109257, -0.02950897067785263, 0.0, 0.0, 0.0, 0.0, 0.0, 0.0, 0.0, 0.0015206653624773026, -0.4027061462402344, -1.4944953918457031, -0.030472904443740845, 238.0
1130421, 0.003758483100682497, -0.4010591506958008, -1.4974892139434814, 0.014575310982763767, 0.007282258477061987, -0.030174963176250458, 0.0, 0.0, 0.0, 0.0, 0.0, 0.0, 0.0, 0.0019919630140066147, -0.4026069641113281, -1.494476318359375, -0.030508488416671753, 238.0
1130441, 0.0037487174849957228, -0.40106263756752014, -1.4974561929702759, 0.014951614663004875, 0.007539530750364065, -0.03010490909218788, 0.0, 0.0, 0.0, 0.0, 0.0, 0.0, 0.0, 0.0017038416117429733, -0.40262937545776367, -1.4944190979003906, -0.03209546580910683, 238.0
1130461, 0.003708407049998641, -0.4010895788669586, -1.4974210262298584, 0.014969835989177227, 0.007555240765213966, -0.030122928321361542, 0.0, 0.0, 0.0, 0.0, 0.0, 0.0, 0.0, 0.0023958906531333923, -0.40248680114746094, -1.4945068359375, -0.03232301026582718, 238.0
1130481, 0.003798867342993617, -0.4010564684867859, -1.4975476264953613, 0.01522646564990282, 0.00787442922592163, -0.030688630416989326, 0.0, 0.0, 0.0, 0.0, 0.0, 0.0, 0.0, 0.002292955294251442, -0.40255022048950195, -1.494527816772461, -0.03012361004948616, 239.0
1130501, 0.0037380880676209927, -0.4010821282863617, -1.497478723526001, 0.01513389777392149, 0.0077885412611067295, -0.030278541147708893, 0.0, 0.0, 0.0, 0.0, 0.0, 0.0, 0.0, 0.001609109342098236, -0.4027714729309082, -1.4943485260009766, -0.029519859701395035, 239.0
1130521, 0.0038082145620137453, -0.4010486602783203, -1.4976054430007935, 0.015428222715854645, 0.007713952101767063, -0.03118976205587387, 0.0, 0.0, 0.0, 0.0, 0.0, 0.0, 0.0, 0.0022430233657360077, -0.40236330032348633, -1.4945411682128906, -0.028926236554980278, 239.0
1130541, 0.0038225792814046144, -0.40103939175605774, -1.497606635093689, 0.015499241650104523, 0.007601747289299965, -0.03120613284409046, 0.0, 0.0, 0.0, 0.0, 0.0, 0.0, 0.0, 0.0014432743191719055, -0.40262603759765625, -1.4943351745605469, -0.02881864830851555, 239.0
1130561, 0.003834932576864958, -0.40104925632476807, -1.4976418018341064, 0.015728158876299858, 0.0075967577286064625, -0.03128024563193321, 0.0, 0.0, 0.0, 0.0, 0.0, 0.0, 0.0, 0.0015985313802957535, -0.4027743339538574, -1.4944992065429688, -0.028093993663787842, 239.0
1130581, 0.0039130523800849915, -0.4010057747364044, -1.4977922439575195, 0.016090532764792442, 0.007699303328990936, -0.03180648013949394, 0.0, 0.0, 0.0, 0.0, 0.0, 0.0, 0.0, 0.0019823946058750153, -0.4026055335998535, -1.494577407836914, -0.02802586928009987, 240.0
1130601, 0.0038634748198091984, -0.4010290801525116, -1.4977182149887085, 0.016051802784204483, 0.007800910156220198, -0.031257182359695435, 0.0, 0.0, 0.0, 0.0, 0.0, 0.0, 0.0, 0.002012394368648529, -0.4024825096130371, -1.4943256378173828, -0.027217797935009003, 240.0
1130621, 0.003960008732974529, -0.40098822116851807, -1.4978660345077515, 0.016568060964345932, 0.00809326022863388, -0.031603071838617325, 0.0, 0.0, 0.0, 0.0, 0.0, 0.0, 0.0, 0.0021819081157445908, -0.402587890625, -1.4943103790283203, -0.02578921802341938, 240.0
1130641, 0.00394680118188262, -0.4009980857372284, -1.49778413772583, 0.016476161777973175, 0.008278878405690193, -0.03114013746380806, 0.0, 0.0, 0.0, 0.0, 0.0, 0.0, 0.0, 0.0015549231320619583, -0.4028191566467285, -1.4944591522216797, -0.026346532627940178, 240.0
1130661, 0.00391722097992897, -0.4010179042816162, -1.4976874589920044, 0.016121333464980125, 0.008352377451956272, -0.03041192702949047, 0.0, 0.0, 0.0, 0.0, 0.0, 0.0, 0.0, 0.0017436165362596512, -0.40294551849365234, -1.4940719604492188, -0.025536801666021347, 240.0
1130681, 0.003972572274506092, -0.4009708762168884, -1.4977807998657227, 0.016488056629896164, 0.00846767332404852, -0.03065391443669796, 0.0, 0.0, 0.0, 0.0, 0.0, 0.0, 0.0, 0.0015523526817560196, -0.4026026725769043, -1.4944305419921875, -0.024091878905892372, 237.0
1130701, 0.003923414275050163, -0.4010133147239685, -1.497664213180542, 0.016187017783522606, 0.008061613887548447, -0.029954763129353523, 0.0, 0.0, 0.0, 0.0, 0.0, 0.0, 0.0, 0.0016050953418016434, -0.40280580520629883, -1.4944400787353516, -0.025366656482219696, 237.0
1130721, 0.0038930759765207767, -0.40102940797805786, -1.4975757598876953, 0.015949107706546783, 0.0076657370664179325, -0.029472991824150085, 0.0, 0.0, 0.0, 0.0, 0.0, 0.0, 0.0, 0.0023817867040634155, -0.40232181549072266, -1.4945297241210938, -0.02518484555184841, 237.0
1130741, 0.003945167176425457, -0.40101850032806396, -1.4976179599761963, 0.015772176906466484, 0.0075903781689703465, -0.02967304177582264, 0.0, 0.0, 0.0, 0.0, 0.0, 0.0, 0.0, 0.0014889426529407501, -0.4027280807495117, -1.4944343566894531, -0.025564415380358696, 237.0
1130761, 0.003998074680566788, -0.400994211435318, -1.4977030754089355, 0.016040941700339317, 0.007627994287759066, -0.030109219253063202, 0.0, 0.0, 0.0, 0.0, 0.0, 0.0, 0.0, 0.0016828831285238266, -0.402646541595459, -1.494436264038086, -0.024968504905700684, 237.0
1130781, 0.003958228509873152, -0.4010193943977356, -1.497625708580017, 0.015741882845759392, 0.0076315985061228275, -0.029719319194555283, 0.0, 0.0, 0.0, 0.0, 0.0, 0.0, 0.0, 0.001565122976899147, -0.40256452560424805, -1.494405746459961, -0.025731286033988, 238.0
1130801, 0.003912953659892082, -0.40105098485946655, -1.4975181818008423, 0.015607411041855812, 0.007493575103580952, -0.02940603904426098, 0.0, 0.0, 0.0, 0.0, 0.0, 0.0, 0.0, 0.0014906581491231918, -0.4025382995605469, -1.4942817687988281, -0.02407132275402546, 238.0
1130821, 0.003967491909861565, -0.4010186195373535, -1.4976115226745605, 0.015949521213769913, 0.007276092190295458, -0.029580391943454742, 0.0, 0.0, 0.0, 0.0, 0.0, 0.0, 0.0, 0.0017663110047578812, -0.4026198387145996, -1.4944229125976562, -0.024040477350354195, 238.0
1130841, 0.003938319161534309, -0.40103819966316223, -1.4975159168243408, 0.015906937420368195, 0.006992766633629799, -0.02905872091650963, 0.0, 0.0, 0.0, 0.0, 0.0, 0.0, 0.0, 0.0020379088819026947, -0.4024205207824707, -1.4943885803222656, -0.02293563075363636, 238.0
1130861, 0.0038804367650300264, -0.40108317136764526, -1.4974339008331299, 0.015375650487840176, 0.006771574262529612, -0.02848099358379841, 0.0, 0.0, 0.0, 0.0, 0.0, 0.0, 0.0, 0.002216797322034836, -0.4025096893310547, -1.494476318359375, -0.02523455023765564, 238.0
1130881, 0.003966553136706352, -0.40105491876602173, -1.4975332021713257, 0.015524376183748245, 0.0068506477400660515, -0.029390130192041397, 0.0, 0.0, 0.0, 0.0, 0.0, 0.0, 0.0, 0.002105696126818657, -0.40247631072998047, -1.4944286346435547, -0.03289518877863884, 241.0
1130901, 0.00388004700653255, -0.4010932743549347, -1.4974720478057861, 0.015049604699015617, 0.006618836894631386, -0.02931252308189869, 0.0, 0.0, 0.0, 0.0, 0.0, 0.0, 0.0, 0.0018582530319690704, -0.40247535705566406, -1.4943733215332031, -0.031589191406965256, 241.0
1130922, 0.003933807834982872, -0.40107622742652893, -1.497573971748352, 0.015218864195048809, 0.006687203887850046, -0.02984224259853363, 0.0, 0.0, 0.0, 0.0, 0.0, 0.0, 0.0, 0.0018594413995742798, -0.40254974365234375, -1.4943923950195312, -0.03151485323905945, 241.0
1130941, 0.003883926197886467, -0.4011075794696808, -1.4975066184997559, 0.015031835064291954, 0.006885852199047804, -0.02952144667506218, 0.0, 0.0, 0.0, 0.0, 0.0, 0.0, 0.0, 0.002047967165708542, -0.40242481231689453, -1.4945831298828125, -0.03019910305738449, 241.0
1130961, 0.0039327130652964115, -0.4010869860649109, -1.4976273775100708, 0.014987874776124954, 0.006595088168978691, -0.030451593920588493, 0.0, 0.0, 0.0, 0.0, 0.0, 0.0, 0.0, 0.0016645267605781555, -0.4025087356567383, -1.4944324493408203, -0.02829791232943535, 241.0
1130982, 0.0038902785163372755, -0.4011208713054657, -1.4975831508636475, 0.014969795010983944, 0.006555549334734678, -0.030397992581129074, 0.0, 0.0, 0.0, 0.0, 0.0, 0.0, 0.0, 0.0015040300786495209, -0.4025731086730957, -1.494161605834961, -0.025976212695240974, 238.0
1131001, 0.003837382886558771, -0.4011377990245819, -1.4975193738937378, 0.015163670293986797, 0.0066608465276658535, -0.030130591243505478, 0.0, 0.0, 0.0, 0.0, 0.0, 0.0, 0.0, 0.0022590793669223785, -0.4022235870361328, -1.4943771362304688, -0.024609791114926338, 238.0
1131022, 0.003909038845449686, -0.40111085772514343, -1.4976415634155273, 0.015426206402480602, 0.006637139245867729, -0.030653957277536392, 0.0, 0.0, 0.0, 0.0, 0.0, 0.0, 0.0, 0.0021313875913619995, -0.4029402732849121, -1.4940986633300781, -0.025165796279907227, 238.0
1131041, 0.0038664676249027252, -0.40113192796707153, -1.4976235628128052, 0.015163077972829342, 0.006607317365705967, -0.030566828325390816, 0.0, 0.0, 0.0, 0.0, 0.0, 0.0, 0.0, 0.001943632960319519, -0.40244293212890625, -1.4944992065429688, -0.023381313309073448, 238.0
1131061, 0.003934235777705908, -0.4010947346687317, -1.4977325201034546, 0.015440940856933594, 0.006700381636619568, -0.030571812763810158, 0.0, 0.0, 0.0, 0.0, 0.0, 0.0, 0.0, 0.002442833036184311, -0.4023399353027344, -1.4944095611572266, -0.02320573478937149, 238.0
1131082, 0.0039059724658727646, -0.4011160433292389, -1.4977132081985474, 0.015286313369870186, 0.006589930038899183, -0.030787793919444084, 0.0, 0.0, 0.0, 0.0, 0.0, 0.0, 0.0, 0.001549767330288887, -0.4027214050292969, -1.4943389892578125, -0.022866323590278625, 239.0
1131101, 0.0039043044671416283, -0.4011041820049286, -1.4977279901504517, 0.015049994923174381, 0.00674428092315793, -0.031009839847683907, 0.0, 0.0, 0.0, 0.0, 0.0, 0.0, 0.0, 0.00150330550968647, -0.4026985168457031, -1.4944896697998047, -0.023991934955120087, 239.0
1131121, 0.003787597641348839, -0.4011610746383667, -1.497566819190979, 0.01464239414781332, 0.006777273956686258, -0.030341383069753647, 0.0, 0.0, 0.0, 0.0, 0.0, 0.0, 0.0, 0.0018519051373004913, -0.40247297286987305, -1.4943675994873047, -0.020980171859264374, 239.0
1131141, 0.003812775481492281, -0.4011358916759491, -1.4975824356079102, 0.014451613649725914, 0.007078632712364197, -0.030534207820892334, 0.0, 0.0, 0.0, 0.0, 0.0, 0.0, 0.0, 0.0020946506410837173, -0.40296411514282227, -1.4942131042480469, -0.02030462957918644, 239.0
1131161, 0.003759804181754589, -0.4011598229408264, -1.4975100755691528, 0.014086565002799034, 0.0070844232104718685, -0.02991686761379242, 0.0, 0.0, 0.0, 0.0, 0.0, 0.0, 0.0, 0.0019668973982334137, -0.40261077880859375, -1.4944591522216797, -0.01911333203315735, 239.0
1131181, 0.003786565735936165, -0.4011346697807312, -1.4976047277450562, 0.014010489918291569, 0.007345664780586958, -0.030308734625577927, 0.0, 0.0, 0.0, 0.0, 0.0, 0.0, 0.0, 0.0018773768097162247, -0.40280914306640625, -1.4944381713867188, -0.018524568527936935, 242.0
1131201, 0.0037535293959081173, -0.40113943815231323, -1.49753999710083, 0.013746790587902069, 0.007499972358345985, -0.029744626954197884, 0.0, 0.0, 0.0, 0.0, 0.0, 0.0, 0.0, 0.0021785497665405273, -0.4024381637573242, -1.4944381713867188, -0.017329927533864975, 242.0
1131221, 0.0037635019980371, -0.40111786127090454, -1.49762761592865, 0.013937188312411308, 0.007499967701733112, -0.030120044946670532, 0.0, 0.0, 0.0, 0.0, 0.0, 0.0, 0.0, 0.0013825874775648117, -0.40267515182495117, -1.4943962097167969, -0.017250796779990196, 242.0
1131241, 0.00370662659406662, -0.4011121988296509, -1.4975576400756836, 0.01399398222565651, 0.007776792161166668, -0.029638776555657387, 0.0, 0.0, 0.0, 0.0, 0.0, 0.0, 0.0, 0.0019433759152889252, -0.40255022048950195, -1.4945220947265625, -0.01730276830494404, 242.0
1131261, 0.003781999461352825, -0.4010697901248932, -1.497646450996399, 0.01423308439552784, 0.007975423708558083, -0.029987698420882225, 0.0, 0.0, 0.0, 0.0, 0.0, 0.0, 0.0, 0.0019973386079072952, -0.4026603698730469, -1.494436264038086, -0.01490748580545187, 242.0
1131281, 0.0037161081563681364, -0.4010830223560333, -1.4975467920303345, 0.014101170003414154, 0.008045364171266556, -0.02924959547817707, 0.0, 0.0, 0.0, 0.0, 0.0, 0.0, 0.0, 0.002487076446413994, -0.40241193771362305, -1.4943981170654297, -0.015198814682662487, 233.0
1131301, 0.0036533575039356947, -0.401094913482666, -1.497456669807434, 0.013894803822040558, 0.007930119521915913, -0.028740335255861282, 0.0, 0.0, 0.0, 0.0, 0.0, 0.0, 0.0, 0.0017043091356754303, -0.4027400016784668, -1.4945240020751953, -0.01580134406685829, 233.0
1131321, 0.0037104240618646145, -0.401077538728714, -1.497509479522705, 0.014316677115857601, 0.007530847564339638, -0.029013359919190407, 0.0, 0.0, 0.0, 0.0, 0.0, 0.0, 0.0, 0.0016381442546844482, -0.4027566909790039, -1.4942607879638672, -0.0151566993445158, 233.0
1131341, 0.0036987829953432083, -0.40108394622802734, -1.4974215030670166, 0.014431378804147243, 0.007397424895316362, -0.028548328205943108, 0.0, 0.0, 0.0, 0.0, 0.0, 0.0, 0.0, 0.0014517977833747864, -0.40265321731567383, -1.4944343566894531, -0.01538770366460085, 233.0
1131361, 0.0037711532786488533, -0.40105539560317993, -1.4974958896636963, 0.014399229548871517, 0.007190780248492956, -0.028633370995521545, 0.0, 0.0, 0.0, 0.0, 0.0, 0.0, 0.0, 0.001515040174126625, -0.40285396575927734, -1.4944629669189453, -0.015680139884352684, 233.0
1131381, 0.003695397637784481, -0.4011003077030182, -1.4974020719528198, 0.0138571010902524, 0.007147424854338169, -0.028216222301125526, 0.0, 0.0, 0.0, 0.0, 0.0, 0.0, 0.0, 0.001967068761587143, -0.40255308151245117, -1.4943695068359375, -0.017098277807235718, 239.0
1131401, 0.0036864220164716244, -0.4011129140853882, -1.4973363876342773, 0.013800255954265594, 0.007013347465544939, -0.02787182666361332, 0.0, 0.0, 0.0, 0.0, 0.0, 0.0, 0.0, 0.002245791256427765, -0.4024200439453125, -1.4944076538085938, -0.017174752429127693, 239.0
1131421, 0.0037270504981279373, -0.40109238028526306, -1.4974048137664795, 0.01413134578615427, 0.006871936377137899, -0.02836008369922638, 0.0, 0.0, 0.0, 0.0, 0.0, 0.0, 0.0, 0.0022950954735279083, -0.4025239944458008, -1.49444580078125, -0.017513854429125786, 239.0
1131441, 0.003698052605614066, -0.4011137783527374, -1.4973382949829102, 0.014233225025236607, 0.006861909292638302, -0.02852882258594036, 0.0, 0.0, 0.0, 0.0, 0.0, 0.0, 0.0, 0.001811545342206955, -0.40254688262939453, -1.4942512512207031, -0.018130328506231308, 239.0
1131461, 0.0037272910121828318, -0.4011014997959137, -1.497430682182312, 0.014497694559395313, 0.0070580532774329185, -0.029096635058522224, 0.0, 0.0, 0.0, 0.0, 0.0, 0.0, 0.0, 0.0016686413437128067, -0.4028596878051758, -1.494283676147461, -0.023833485320210457, 239.0
1131481, 0.003685679519549012, -0.40113502740859985, -1.4973750114440918, 0.014371966011822224, 0.0068450383841991425, -0.028870591893792152, 0.0, 0.0, 0.0, 0.0, 0.0, 0.0, 0.0, 0.0014552399516105652, -0.40286684036254883, -1.494375228881836, -0.02317206934094429, 238.0
1131501, 0.0037189144641160965, -0.4011366367340088, -1.4973340034484863, 0.014389150775969028, 0.006961073726415634, -0.02872392348945141, 0.0, 0.0, 0.0, 0.0, 0.0, 0.0, 0.0, 0.0023084785789251328, -0.4024343490600586, -1.4943122863769531, -0.02451273426413536, 238.0
1131521, 0.0037197766359895468, -0.4011320471763611, -1.4974275827407837, 0.014215842820703983, 0.007027654442936182, -0.029196185991168022, 0.0, 0.0, 0.0, 0.0, 0.0, 0.0, 0.0, 0.0013657491654157639, -0.4027562141418457, -1.4944038391113281, -0.024083536118268967, 238.0
1131541, 0.003683841321617365, -0.4011383652687073, -1.4973803758621216, 0.013781599700450897, 0.0071705058217048645, -0.02905677631497383, 0.0, 0.0, 0.0, 0.0, 0.0, 0.0, 0.0, 0.002122083678841591, -0.4023318290710449, -1.4944286346435547, -0.025173833593726158, 238.0
1131561, 0.003725368296727538, -0.40111464262008667, -1.4974963665008545, 0.01364385150372982, 0.0070747327990829945, -0.02981523424386978, 0.0, 0.0, 0.0, 0.0, 0.0, 0.0, 0.0, 0.0023098234087228775, -0.40247392654418945, -1.4944267272949219, -0.025472402572631836, 238.0
1131581, 0.003711357247084379, -0.4011138677597046, -1.4974464178085327, 0.013595771044492722, 0.007186257280409336, -0.02952602505683899, 0.0, 0.0, 0.0, 0.0, 0.0, 0.0, 0.0, 0.0020312704145908356, -0.40253114700317383, -1.4944190979003906, -0.02500186301767826, 240.0
1131601, 0.0036282704677432775, -0.40114086866378784, -1.4974141120910645, 0.013368763960897923, 0.0071776555851101875, -0.0293556060642004, 0.0, 0.0, 0.0, 0.0, 0.0, 0.0, 0.0, 0.0016316995024681091, -0.4027867317199707, -1.4944114685058594, -0.024319898337125778, 240.0
1131621, 0.0036943075247108936, -0.4011160135269165, -1.4975035190582275, 0.013743995688855648, 0.00723984744399786, -0.029879655689001083, 0.0, 0.0, 0.0, 0.0, 0.0, 0.0, 0.0, 0.0020858068019151688, -0.40245580673217773, -1.4944381713867188, -0.024939650669693947, 240.0
1131641, 0.00366617226973176, -0.40112245082855225, -1.4974690675735474, 0.014155770651996136, 0.007184901740401983, -0.029435541480779648, 0.0, 0.0, 0.0, 0.0, 0.0, 0.0, 0.0, 0.0017873160541057587, -0.4026203155517578, -1.4946346282958984, -0.024368898943066597, 240.0
1131661, 0.0037395828403532505, -0.4010877013206482, -1.497581124305725, 0.01470236573368311, 0.0073103634640574455, -0.02991459332406521, 0.0, 0.0, 0.0, 0.0, 0.0, 0.0, 0.0, 0.002246640622615814, -0.40238189697265625, -1.4944210052490234, -0.022485949099063873, 240.0
1131681, 0.0037335192319005728, -0.40110084414482117, -1.49752676486969, 0.014851964078843594, 0.007443265989422798, -0.029694635421037674, 0.0, 0.0, 0.0, 0.0, 0.0, 0.0, 0.0, 0.0014550834894180298, -0.4026775360107422, -1.494466781616211, -0.022757314145565033, 239.0
1131701, 0.0037204755935817957, -0.4010854661464691, -1.4975075721740723, 0.014886308461427689, 0.0076544941402971745, -0.02973862923681736, 0.0, 0.0, 0.0, 0.0, 0.0, 0.0, 0.0, 0.0016258470714092255, -0.4026775360107422, -1.4943561553955078, -0.023218920454382896, 239.0
1131722, 0.003821144811809063, -0.40104353427886963, -1.49761164188385, 0.015068433247506618, 0.007770780473947525, -0.030299637466669083, 0.0, 0.0, 0.0, 0.0, 0.0, 0.0, 0.0, 0.002314336597919464, -0.4025688171386719, -1.4943885803222656, -0.022761698812246323, 239.0
1131741, 0.003758295439183712, -0.40107759833335876, -1.4975526332855225, 0.015038944780826569, 0.0074315969832241535, -0.02978762798011303, 0.0, 0.0, 0.0, 0.0, 0.0, 0.0, 0.0, 0.0018799081444740295, -0.4028491973876953, -1.4944725036621094, -0.022192180156707764, 239.0
1131761, 0.003840487450361252, -0.4010463058948517, -1.4976447820663452, 0.015290903858840466, 0.007149991113692522, -0.03031001426279545, 0.0, 0.0, 0.0, 0.0, 0.0, 0.0, 0.0, 0.001411212608218193, -0.4026470184326172, -1.4943809509277344, -0.02333477884531021, 239.0
1131781, 0.003820106154307723, -0.40107038617134094, -1.4975690841674805, 0.015162848867475986, 0.006826292723417282, -0.030132045969367027, 0.0, 0.0, 0.0, 0.0, 0.0, 0.0, 0.0, 0.0020460765808820724, -0.4026522636413574, -1.4943866729736328, -0.020939689129590988, 232.0
1131801, 0.0037398135755211115, -0.40111207962036133, -1.4974782466888428, 0.014659193344414234, 0.006564200855791569, -0.02976072207093239, 0.0, 0.0, 0.0, 0.0, 0.0, 0.0, 0.0, 0.0014712680131196976, -0.40261173248291016, -1.4942970275878906, -0.019977068528532982, 232.0
1131821, 0.0037848937790840864, -0.40110480785369873, -1.4975696802139282, 0.014857955276966095, 0.006591438315808773, -0.030039619654417038, 0.0, 0.0, 0.0, 0.0, 0.0, 0.0, 0.0, 0.0019402988255023956, -0.4025912284851074, -1.4944629669189453, -0.026703838258981705, 232.0
1131841, 0.003750740783289075, -0.4011257290840149, -1.4974879026412964, 0.014596088789403439, 0.0066538346000015736, -0.02959033101797104, 0.0, 0.0, 0.0, 0.0, 0.0, 0.0, 0.0, 0.0015964452177286148, -0.4026203155517578, -1.4943962097167969, -0.026115471497178078, 232.0
1131861, 0.003683683695271611, -0.40114670991897583, -1.4974247217178345, 0.014196489937603474, 0.006842766422778368, -0.029131228104233742, 0.0, 0.0, 0.0, 0.0, 0.0, 0.0, 0.0, 0.0013387147337198257, -0.40257740020751953, -1.4943809509277344, -0.02572621777653694, 232.0
1131882, 0.0037666538264602423, -0.401107519865036, -1.4974911212921143, 0.014345563016831875, 0.0073177507147192955, -0.028928352519869804, 0.0, 0.0, 0.0, 0.0, 0.0, 0.0, 0.0, 0.002467026934027672, -0.4024181365966797, -1.4944267272949219, -0.025270359590649605, 236.0
1131901, 0.003748995019122958, -0.40111544728279114, -1.497414231300354, 0.014096040278673172, 0.007414913270622492, -0.028544405475258827, 0.0, 0.0, 0.0, 0.0, 0.0, 0.0, 0.0, 0.001956906169652939, -0.4024653434753418, -1.4943828582763672, -0.024349873885512352, 236.0
1131921, 0.0037819419521838427, -0.40110883116722107, -1.4974892139434814, 0.014176060445606709, 0.007106715813279152, -0.029393306002020836, 0.0, 0.0, 0.0, 0.0, 0.0, 0.0, 0.0, 0.001879807561635971, -0.4026775360107422, -1.4945068359375, -0.02353760227560997, 236.0
1131941, 0.003749874886125326, -0.40110576152801514, -1.4974204301834106, 0.013886826112866402, 0.007196460384875536, -0.02919970452785492, 0.0, 0.0, 0.0, 0.0, 0.0, 0.0, 0.0, 0.0013997089117765427, -0.4027266502380371, -1.4944419860839844, -0.024330247193574905, 236.0
1131961, 0.0037494951393455267, -0.40110301971435547, -1.4975026845932007, 0.01381091307848692, 0.006895866710692644, -0.029573921114206314, 0.0, 0.0, 0.0, 0.0, 0.0, 0.0, 0.0, 0.001263761892914772, -0.4029359817504883, -1.494424819946289, -0.023323005065321922, 236.0
1131981, 0.0037134732119739056, -0.40112659335136414, -1.4974313974380493, 0.013755434192717075, 0.0066230567172169685, -0.029434097930788994, 0.0, 0.0, 0.0, 0.0, 0.0, 0.0, 0.0, 0.0016834884881973267, -0.4026360511779785, -1.4946117401123047, -0.023370247334241867, 238.0
1132001, 0.00367538770660758, -0.4011450409889221, -1.4973790645599365, 0.01328494492918253, 0.006523873656988144, -0.029354024678468704, 0.0, 0.0, 0.0, 0.0, 0.0, 0.0, 0.0, 0.0020888149738311768, -0.4023551940917969, -1.4944229125976562, -0.024305662140250206, 238.0
1132021, 0.0037039320450276136, -0.401152104139328, -1.4974445104599, 0.013402548618614674, 0.006238071713596582, -0.029669245705008507, 0.0, 0.0, 0.0, 0.0, 0.0, 0.0, 0.0, 0.00222773477435112, -0.40250587463378906, -1.4944114685058594, -0.024246640503406525, 238.0
1132041, 0.0036591356620192528, -0.4011736512184143, -1.4974167346954346, 0.013425790704786777, 0.0060623204335570335, -0.02953014336526394, 0.0, 0.0, 0.0, 0.0, 0.0, 0.0, 0.0, 0.0014922376722097397, -0.4025444984436035, -1.4944839477539062, -0.02465815469622612, 238.0
1132061, 0.003688465105369687, -0.401168555021286, -1.4975136518478394, 0.013319463469088078, 0.006142682861536741, -0.029969552531838417, 0.0, 0.0, 0.0, 0.0, 0.0, 0.0, 0.0, 0.0022663921117782593, -0.4023571014404297, -1.4943809509277344, -0.023774245753884315, 238.0
1132081, 0.003665646305307746, -0.40118408203125, -1.4974615573883057, 0.013115153647959232, 0.006033544894307852, -0.03028162755072117, 0.0, 0.0, 0.0, 0.0, 0.0, 0.0, 0.0, 0.0012822225689888, -0.40314245223999023, -1.4941062927246094, -0.023268721997737885, 236.0
1132101, 0.003600131953135133, -0.40122199058532715, -1.4974271059036255, 0.012977833859622478, 0.005940957460552454, -0.030038725584745407, 0.0, 0.0, 0.0, 0.0, 0.0, 0.0, 0.0, 0.00199165940284729, -0.4025688171386719, -1.4942913055419922, -0.023767495527863503, 236.0
1132121, 0.0036565999034792185, -0.40120041370391846, -1.4975559711456299, 0.012960074469447136, 0.0061302813701331615, -0.030707839876413345, 0.0, 0.0, 0.0, 0.0, 0.0, 0.0, 0.0, 0.0014761202037334442, -0.4026789665222168, -1.4944171905517578, -0.030764443799853325, 236.0
1132141, 0.003610956948250532, -0.40121257305145264, -1.497511625289917, 0.012928895652294159, 0.0062646521255373955, -0.03039560094475746, 0.0, 0.0, 0.0, 0.0, 0.0, 0.0, 0.0, 0.0018624179065227509, -0.40253639221191406, -1.4945201873779297, -0.030410688370466232, 236.0
1132161, 0.0036384151317179203, -0.40120017528533936, -1.4976222515106201, 0.012981250882148743, 0.0067034619860351086, -0.030920756980776787, 0.0, 0.0, 0.0, 0.0, 0.0, 0.0, 0.0, 0.0020914357155561447, -0.4028787612915039, -1.4940834045410156, -0.030315736308693886, 236.0
1132181, 0.003622477874159813, -0.40118104219436646, -1.4975638389587402, 0.013123324140906334, 0.0068292152136564255, -0.030573414638638496, 0.0, 0.0, 0.0, 0.0, 0.0, 0.0, 0.0, 0.0022276993840932846, -0.4023890495300293, -1.4944381713867188, -0.031486183404922485, 239.0
1132201, 0.0036147786304354668, -0.4011845290660858, -1.4975366592407227, 0.012870394624769688, 0.006906737573444843, -0.030648600310087204, 0.0, 0.0, 0.0, 0.0, 0.0, 0.0, 0.0, 0.002199023962020874, -0.402468204498291, -1.4943675994873047, -0.03213570639491081, 239.0
1132222, 0.0036615529097616673, -0.40114274621009827, -1.4977390766143799, 0.013162887655198574, 0.006846313364803791, -0.0314490906894207, 0.0, 0.0, 0.0, 0.0, 0.0, 0.0, 0.0, 0.0014773905277252197, -0.4027438163757324, -1.4944934844970703, -0.03193165361881256, 239.0
1132241, 0.0036376819480210543, -0.401149719953537, -1.4977078437805176, 0.012635563500225544, 0.006713271606713533, -0.03125838562846184, 0.0, 0.0, 0.0, 0.0, 0.0, 0.0, 0.0, 0.002356048673391342, -0.4024467468261719, -1.4944782257080078, -0.03149820864200592, 239.0
1132261, 0.0036930267233401537, -0.40111443400382996, -1.4978243112564087, 0.012620263732969761, 0.00675205048173666, -0.03183427453041077, 0.0, 0.0, 0.0, 0.0, 0.0, 0.0, 0.0, 0.002163942903280258, -0.40244102478027344, -1.4944229125976562, -0.030890800058841705, 239.0
1132281, 0.0036424531135708094, -0.40111851692199707, -1.4977731704711914, 0.012361308559775352, 0.007039857096970081, -0.03151369094848633, 0.0, 0.0, 0.0, 0.0, 0.0, 0.0, 0.0, 0.0020792484283447266, -0.40254640579223633, -1.4944095611572266, -0.030630238354206085, 238.0
1132301, 0.003604896366596222, -0.4011259377002716, -1.4976900815963745, 0.012345443479716778, 0.006923275534063578, -0.03073023073375225, 0.0, 0.0, 0.0, 0.0, 0.0, 0.0, 0.0, 0.0022240877151489258, -0.40250205993652344, -1.4943981170654297, -0.035281479358673096, 238.0
1132322, 0.003606385551393032, -0.4011102616786957, -1.4977974891662598, 0.012306539341807365, 0.0069535779766738415, -0.03129233419895172, 0.0, 0.0, 0.0, 0.0, 0.0, 0.0, 0.0, 0.0011798571795225143, -0.4026451110839844, -1.4944038391113281, -0.033908676356077194, 238.0
1132341, 0.003577180439606309, -0.40111878514289856, -1.4977202415466309, 0.012160359881818295, 0.007277810014784336, -0.030575424432754517, 0.0, 0.0, 0.0, 0.0, 0.0, 0.0, 0.0, 0.0019265078008174896, -0.4027090072631836, -1.4944267272949219, -0.03215448930859566, 238.0
1132361, 0.003592601278796792, -0.4010878801345825, -1.4978069067001343, 0.012232703156769276, 0.007290950510650873, -0.03084508329629898, 0.0, 0.0, 0.0, 0.0, 0.0, 0.0, 0.0, 0.001529604196548462, -0.4028053283691406, -1.4943675994873047, -0.032119184732437134, 238.0
1132381, 0.00358303589746356, -0.4010882079601288, -1.497769832611084, 0.012031122110784054, 0.007298306096345186, -0.03099755384027958, 0.0, 0.0, 0.0, 0.0, 0.0, 0.0, 0.0, 0.002403717488050461, -0.4026365280151367, -1.4945354461669922, -0.03162280470132828, 236.0
1132401, 0.0035304951015859842, -0.40109455585479736, -1.4976798295974731, 0.011798713356256485, 0.007109988480806351, -0.030187323689460754, 0.0, 0.0, 0.0, 0.0, 0.0, 0.0, 0.0, 0.002086106687784195, -0.4026360511779785, -1.494424819946289, -0.03184596821665764, 236.0
1132422, 0.0035748144146054983, -0.40107226371765137, -1.4977548122406006, 0.012367078103125095, 0.006837781984359026, -0.030176052823662758, 0.0, 0.0, 0.0, 0.0, 0.0, 0.0, 0.0, 0.0019485428929328918, -0.402651309967041, -1.4944133758544922, -0.030799731612205505, 236.0
1132441, 0.0035102437250316143, -0.4011109471321106, -1.4976634979248047, 0.012143141590058804, 0.006695324555039406, -0.029660915955901146, 0.0, 0.0, 0.0, 0.0, 0.0, 0.0, 0.0, 0.0013817939907312393, -0.4028339385986328, -1.4945030212402344, -0.029788317158818245, 236.0
1132461, 0.003417516592890024, -0.40116554498672485, -1.4974366426467896, 0.011946067214012146, 0.006853762548416853, -0.02850736491382122, 0.0, 0.0, 0.0, 0.0, 0.0, 0.0, 0.0, 0.0017938334494829178, -0.4026470184326172, -1.4945030212402344, -0.03064415231347084, 236.0
1132481, 0.0035177371464669704, -0.40111416578292847, -1.4976180791854858, 0.012522656470537186, 0.0062929727137088776, -0.029224226251244545, 0.0, 0.0, 0.0, 0.0, 0.0, 0.0, 0.0, 0.002211015671491623, -0.4022250175476074, -1.4943771362304688, -0.03002198226749897, 240.0
1132501, 0.0035213131923228502, -0.40112999081611633, -1.4975440502166748, 0.01269762683659792, 0.00599461467936635, -0.02903495915234089, 0.0, 0.0, 0.0, 0.0, 0.0, 0.0, 0.0, 0.0017063990235328674, -0.40265512466430664, -1.494466781616211, -0.028773240745067596, 240.0
1132521, 0.0035742842592298985, -0.4011210501194, -1.4976129531860352, 0.012980334460735321, 0.005929403472691774, -0.02946341596543789, 0.0, 0.0, 0.0, 0.0, 0.0, 0.0, 0.0, 0.0015752315521240234, -0.4028801918029785, -1.494436264038086, -0.02789035253226757, 240.0
1132541, 0.00353405624628067, -0.40116867423057556, -1.4975336790084839, 0.012855835258960724, 0.005749628879129887, -0.029172459617257118, 0.0, 0.0, 0.0, 0.0, 0.0, 0.0, 0.0, 0.0013752728700637817, -0.402829647064209, -1.4944992065429688, -0.02787465788424015, 240.0
1132561, 0.003467983566224575, -0.40120184421539307, -1.4973396062850952, 0.012479660101234913, 0.005901610944420099, -0.028352590277791023, 0.0, 0.0, 0.0, 0.0, 0.0, 0.0, 0.0, 0.0016085896641016006, -0.4025716781616211, -1.4942913055419922, -0.032791268080472946, 240.0
1132581, 0.0035699838772416115, -0.40117472410202026, -1.4975460767745972, 0.013112733140587807, 0.005660281982272863, -0.029670540243387222, 0.0, 0.0, 0.0, 0.0, 0.0, 0.0, 0.0, 0.0021205581724643707, -0.40251636505126953, -1.4943351745605469, -0.03350679203867912, 239.0
1132601, 0.0034727840684354305, -0.401233047246933, -1.4973560571670532, 0.012886514887213707, 0.005796121433377266, -0.02868741936981678, 0.0, 0.0, 0.0, 0.0, 0.0, 0.0, 0.0, 0.0014787111431360245, -0.40288543701171875, -1.4945831298828125, -0.031325049698352814, 239.0
1132621, 0.0036218822933733463, -0.40118125081062317, -1.4975640773773193, 0.013513999059796333, 0.006055430509150028, -0.02956317737698555, 0.0, 0.0, 0.0, 0.0, 0.0, 0.0, 0.0, 0.0022083912044763565, -0.4024529457092285, -1.4944477081298828, -0.030046863481402397, 239.0
1132641, 0.0035628401674330235, -0.40119805932044983, -1.497510313987732, 0.013275377452373505, 0.0060340650379657745, -0.029428357258439064, 0.0, 0.0, 0.0, 0.0, 0.0, 0.0, 0.0, 0.0015112590044736862, -0.4022822380065918, -1.4943561553955078, -0.029390688985586166, 239.0
1132661, 0.0035159187391400337, -0.40124306082725525, -1.4973156452178955, 0.013087177649140358, 0.006096930243074894, -0.02860582061111927, 0.0, 0.0, 0.0, 0.0, 0.0, 0.0, 0.0, 0.0018212422728538513, -0.40273571014404297, -1.494363784790039, -0.029378656297922134, 239.0
1132681, 0.0036001233384013176, -0.401208758354187, -1.4975612163543701, 0.01356834452599287, 0.006156338378787041, -0.029959937557578087, 0.0, 0.0, 0.0, 0.0, 0.0, 0.0, 0.0, 0.0014423616230487823, -0.40277099609375, -1.4945240020751953, -0.028419718146324158, 239.0
1132701, 0.003626014571636915, -0.4011988937854767, -1.4975353479385376, 0.01344774104654789, 0.006111643742769957, -0.03011355735361576, 0.0, 0.0, 0.0, 0.0, 0.0, 0.0, 0.0, 0.0020264070481061935, -0.4025564193725586, -1.4943161010742188, -0.028213491663336754, 239.0
1132722, 0.0036435932852327824, -0.4011920094490051, -1.4976447820663452, 0.013510320335626602, 0.005949590355157852, -0.030610978603363037, 0.0, 0.0, 0.0, 0.0, 0.0, 0.0, 0.0, 0.0015630405396223068, -0.402829647064209, -1.494476318359375, -0.028153151273727417, 239.0
1132741, 0.00361532811075449, -0.4012148380279541, -1.4975968599319458, 0.013633906841278076, 0.005787714850157499, -0.030581744387745857, 0.0, 0.0, 0.0, 0.0, 0.0, 0.0, 0.0, 0.0018815603107213974, -0.4023447036743164, -1.4942798614501953, -0.028112366795539856, 239.0
1132762, 0.0037051669787615538, -0.4011755585670471, -1.4977381229400635, 0.013888970017433167, 0.006354192737489939, -0.03149517998099327, 0.0, 0.0, 0.0, 0.0, 0.0, 0.0, 0.0, 0.0017753597348928452, -0.4026608467102051, -1.4945640563964844, -0.02825002744793892, 239.0
1132781, 0.003662689123302698, -0.4011968672275543, -1.4977002143859863, 0.01387326791882515, 0.0061723957769572735, -0.031372785568237305, 0.0, 0.0, 0.0, 0.0, 0.0, 0.0, 0.0, 0.0013442635536193848, -0.4028768539428711, -1.4945144653320312, -0.03010942041873932, 239.0
1132801, 0.0036744216922670603, -0.4011727273464203, -1.4976954460144043, 0.013761484995484352, 0.006060623563826084, -0.03140195459127426, 0.0, 0.0, 0.0, 0.0, 0.0, 0.0, 0.0, 0.0016447082161903381, -0.40262460708618164, -1.4944400787353516, -0.03156512230634689, 239.0
1132822, 0.0036105469334870577, -0.40121930837631226, -1.4975510835647583, 0.013528482988476753, 0.00601611752063036, -0.030903154984116554, 0.0, 0.0, 0.0, 0.0, 0.0, 0.0, 0.0, 0.0017304569482803345, -0.40282201766967773, -1.4944915771484375, -0.03195933252573013, 239.0
1132841, 0.0035939912777394056, -0.4012284278869629, -1.4975345134735107, 0.013487710617482662, 0.006465918384492397, -0.030945366248488426, 0.0, 0.0, 0.0, 0.0, 0.0, 0.0, 0.0, 0.0017708074301481247, -0.40267086029052734, -1.4945049285888672, -0.031009681522846222, 239.0
1132861, 0.0036487584002316, -0.40119820833206177, -1.4976463317871094, 0.013782764784991741, 0.006374664604663849, -0.0313076376914978, 0.0, 0.0, 0.0, 0.0, 0.0, 0.0, 0.0, 0.0015980377793312073, -0.4026942253112793, -1.494466781616211, -0.030088795349001884, 239.0
1132881, 0.003621447365731001, -0.40120241045951843, -1.4976354837417603, 0.013581874780356884, 0.006428462453186512, -0.03124796599149704, 0.0, 0.0, 0.0, 0.0, 0.0, 0.0, 0.0, 0.0014582183212041855, -0.4027128219604492, -1.4944229125976562, -0.029909126460552216, 243.0
1132901, 0.003590104402974248, -0.40121957659721375, -1.4975807666778564, 0.013290267437696457, 0.006452414207160473, -0.03122328780591488, 0.0, 0.0, 0.0, 0.0, 0.0, 0.0, 0.0, 0.001961633563041687, -0.4024648666381836, -1.4943008422851562, -0.02986382320523262, 243.0
1132921, 0.0036546497140079737, -0.40118661522865295, -1.4977068901062012, 0.013426854275166988, 0.0068549891002476215, -0.03176606446504593, 0.0, 0.0, 0.0, 0.0, 0.0, 0.0, 0.0, 0.0021476522088050842, -0.402557373046875, -1.4944324493408203, -0.029508156701922417, 243.0
1132941, 0.003637085435912013, -0.40117788314819336, -1.4976418018341064, 0.013759629800915718, 0.007102299015969038, -0.0313396118581295, 0.0, 0.0, 0.0, 0.0, 0.0, 0.0, 0.0, 0.0016311313956975937, -0.4027590751647949, -1.4944915771484375, -0.028902851045131683, 243.0
1132961, 0.0036618353333324194, -0.4011616110801697, -1.4977468252182007, 0.013750126585364342, 0.006778943818062544, -0.03194785863161087, 0.0, 0.0, 0.0, 0.0, 0.0, 0.0, 0.0, 0.0013037174940109253, -0.40268373489379883, -1.4944229125976562, -0.028730759397149086, 243.0
1132981, 0.0036318092606961727, -0.40119266510009766, -1.4976691007614136, 0.0138021819293499, 0.006393600720912218, -0.03117559105157852, 0.0, 0.0, 0.0, 0.0, 0.0, 0.0, 0.0, 0.0022000111639499664, -0.4024820327758789, -1.4943962097167969, -0.02724129892885685, 237.0
1133001, 0.003669555066153407, -0.4011745750904083, -1.4977458715438843, 0.013800005428493023, 0.0061416421085596085, -0.030389903113245964, 0.0, 0.0, 0.0, 0.0, 0.0, 0.0, 0.0, 0.0016685090959072113, -0.40244150161743164, -1.4944915771484375, -0.027168231084942818, 237.0
1133021, 0.003656004788354039, -0.40119150280952454, -1.497652292251587, 0.013570936396718025, 0.006174829322844744, -0.03075440414249897, 0.0, 0.0, 0.0, 0.0, 0.0, 0.0, 0.0, 0.001720154657959938, -0.4025087356567383, -1.494476318359375, -0.026061829179525375, 237.0
1133041, 0.0036093462258577347, -0.4012100398540497, -1.4975725412368774, 0.013176031410694122, 0.006059431936591864, -0.03023802489042282, 0.0, 0.0, 0.0, 0.0, 0.0, 0.0, 0.0, 0.0013960693031549454, -0.40282487869262695, -1.4944515228271484, -0.02537488006055355, 237.0
1133061, 0.003633845830336213, -0.4011993408203125, -1.497665524482727, 0.013547760434448719, 0.0061549353413283825, -0.030545279383659363, 0.0, 0.0, 0.0, 0.0, 0.0, 0.0, 0.0, 0.0012479964643716812, -0.4027543067932129, -1.494476318359375, -0.023800579831004143, 237.0
1133081, 0.003641745075583458, -0.4012058973312378, -1.4975628852844238, 0.013486428186297417, 0.006296233274042606, -0.02983294613659382, 0.0, 0.0, 0.0, 0.0, 0.0, 0.0, 0.0, 0.0021584872156381607, -0.40253257751464844, -1.494333267211914, -0.023772209882736206, 237.0
1133101, 0.003639278467744589, -0.40120208263397217, -1.4976396560668945, 0.013536450453102589, 0.0062729548662900925, -0.03032219596207142, 0.0, 0.0, 0.0, 0.0, 0.0, 0.0, 0.0, 0.001711089164018631, -0.40242815017700195, -1.4943523406982422, -0.021807122975587845, 237.0
1133121, 0.0036235093139111996, -0.4012071490287781, -1.4975475072860718, 0.013696794398128986, 0.006260199937969446, -0.029738107696175575, 0.0, 0.0, 0.0, 0.0, 0.0, 0.0, 0.0, 0.002181392163038254, -0.40236473083496094, -1.4944477081298828, -0.02234065532684326, 237.0
1133141, 0.0035884303506463766, -0.40123191475868225, -1.4974805116653442, 0.013612029142677784, 0.006303098518401384, -0.02949119545519352, 0.0, 0.0, 0.0, 0.0, 0.0, 0.0, 0.0, 0.0013736598193645477, -0.40314674377441406, -1.4941596984863281, -0.021754123270511627, 237.0
1133161, 0.003618814516812563, -0.4012177586555481, -1.4975558519363403, 0.013635233975946903, 0.006491512525826693, -0.02994048409163952, 0.0, 0.0, 0.0, 0.0, 0.0, 0.0, 0.0, 0.0022517796605825424, -0.4024772644042969, -1.494375228881836, -0.022020593285560608, 237.0
1133181, 0.0036412361077964306, -0.40120065212249756, -1.4974987506866455, 0.01353721134364605, 0.006647581700235605, -0.02993546612560749, 0.0, 0.0, 0.0, 0.0, 0.0, 0.0, 0.0, 0.0025946125388145447, -0.40222692489624023, -1.494598388671875, -0.02283661440014839, 240.0
1133201, 0.0035913612227886915, -0.401210755109787, -1.4974550008773804, 0.01332902256399393, 0.006748438812792301, -0.029895257204771042, 0.0, 0.0, 0.0, 0.0, 0.0, 0.0, 0.0, 0.0014468375593423843, -0.40280628204345703, -1.494516372680664, -0.02314537577331066, 240.0
1133221, 0.0036425588186830282, -0.40119627118110657, -1.4975510835647583, 0.01390851754695177, 0.00647456431761384, -0.030289335176348686, 0.0, 0.0, 0.0, 0.0, 0.0, 0.0, 0.0, 0.0011886171996593475, -0.4026947021484375, -1.4943599700927734, -0.023776166141033173, 240.0
1133241, 0.0035997971426695585, -0.4012090265750885, -1.4975003004074097, 0.013548964634537697, 0.006518411450088024, -0.029949868097901344, 0.0, 0.0, 0.0, 0.0, 0.0, 0.0, 0.0, 0.0017042569816112518, -0.4026780128479004, -1.4944038391113281, -0.024793902412056923, 240.0
1133261, 0.003676401684060693, -0.4011822044849396, -1.4976156949996948, 0.014048779383301735, 0.00668733473867178, -0.030506839975714684, 0.0, 0.0, 0.0, 0.0, 0.0, 0.0, 0.0, 0.001964149996638298, -0.4025859832763672, -1.4945907592773438, -0.023963427171111107, 240.0
1133281, 0.003637202549725771, -0.40119561553001404, -1.4975606203079224, 0.013766924850642681, 0.00676207197830081, -0.030200736597180367, 0.0, 0.0, 0.0, 0.0, 0.0, 0.0, 0.0, 0.0015809349715709686, -0.40276050567626953, -1.4942703247070312, -0.023621942847967148, 235.0
1133301, 0.003681660396978259, -0.40116989612579346, -1.4976619482040405, 0.013987927697598934, 0.006781212519854307, -0.030700311064720154, 0.0, 0.0, 0.0, 0.0, 0.0, 0.0, 0.0, 0.0022558141499757767, -0.4024829864501953, -1.4943771362304688, -0.0231680478900671, 235.0
1133321, 0.003668366000056267, -0.4011676013469696, -1.4976030588150024, 0.013675798662006855, 0.006397559307515621, -0.030567532405257225, 0.0, 0.0, 0.0, 0.0, 0.0, 0.0, 0.0, 0.0022853687405586243, -0.4024949073791504, -1.494394302368164, -0.022341495379805565, 235.0
1133341, 0.003596853232011199, -0.4012044072151184, -1.4975590705871582, 0.013295105658471584, 0.00616975873708725, -0.030400430783629417, 0.0, 0.0, 0.0, 0.0, 0.0, 0.0, 0.0, 0.001373928040266037, -0.40325069427490234, -1.4942092895507812, -0.02211291342973709, 235.0
1133362, 0.0037253687623888254, -0.401155948638916, -1.4977537393569946, 0.013939283788204193, 0.006181566976010799, -0.030947692692279816, 0.0, 0.0, 0.0, 0.0, 0.0, 0.0, 0.0, 0.0018254350870847702, -0.40265655517578125, -1.4944324493408203, -0.020374720916152, 235.0
1133381, 0.00366516737267375, -0.401176393032074, -1.497686505317688, 0.013853535987436771, 0.00634154723957181, -0.03053945116698742, 0.0, 0.0, 0.0, 0.0, 0.0, 0.0, 0.0, 0.001404033973813057, -0.40276241302490234, -1.4943618774414062, -0.019725756719708443, 240.0
1133401, 0.0037140222266316414, -0.4011700451374054, -1.4977991580963135, 0.014166804030537605, 0.005966330412775278, -0.030974045395851135, 0.0, 0.0, 0.0, 0.0, 0.0, 0.0, 0.0, 0.0020578578114509583, -0.40259552001953125, -1.4944515228271484, -0.026501161977648735, 240.0
1133421, 0.0037332591600716114, -0.4011595845222473, -1.4977682828903198, 0.014489294029772282, 0.005786487367004156, -0.03094923123717308, 0.0, 0.0, 0.0, 0.0, 0.0, 0.0, 0.0, 0.00176205113530159, -0.402346134185791, -1.4944171905517578, -0.026244111359119415, 240.0
1133441, 0.0037123416550457478, -0.4011799097061157, -1.4977748394012451, 0.014078175649046898, 0.005902211181819439, -0.030948594212532043, 0.0, 0.0, 0.0, 0.0, 0.0, 0.0, 0.0, 0.0012918002903461456, -0.40288877487182617, -1.4944496154785156, -0.026349660009145737, 240.0
1133461, 0.0036409765016287565, -0.4012190103530884, -1.497552752494812, 0.013833708129823208, 0.005793789867311716, -0.029834913089871407, 0.0, 0.0, 0.0, 0.0, 0.0, 0.0, 0.0, 0.0016725137829780579, -0.4026970863342285, -1.4944095611572266, -0.025211667641997337, 240.0
1133481, 0.0037593881133943796, -0.4011872410774231, -1.4977720975875854, 0.014549699611961842, 0.005768651142716408, -0.03064601682126522, 0.0, 0.0, 0.0, 0.0, 0.0, 0.0, 0.0, 0.002250492572784424, -0.4025611877441406, -1.494415283203125, -0.02539054863154888, 237.0
1133501, 0.0037663080729544163, -0.4011960029602051, -1.4977351427078247, 0.014563695527613163, 0.005690653342753649, -0.030531853437423706, 0.0, 0.0, 0.0, 0.0, 0.0, 0.0, 0.0, 0.0014204084873199463, -0.4026498794555664, -1.4943408966064453, -0.02485426887869835, 237.0
1133522, 0.0036820443347096443, -0.40123191475868225, -1.4975439310073853, 0.014066844247281551, 0.005812411196529865, -0.029273154214024544, 0.0, 0.0, 0.0, 0.0, 0.0, 0.0, 0.0, 0.0020612962543964386, -0.402646541595459, -1.4943161010742188, -0.023487189784646034, 237.0
1133541, 0.0036734717432409525, -0.40125101804733276, -1.4974836111068726, 0.014140408486127853, 0.005779676605015993, -0.02865675650537014, 0.0, 0.0, 0.0, 0.0, 0.0, 0.0, 0.0, 0.0021060332655906677, -0.4024844169616699, -1.4945259094238281, -0.02356838993728161, 237.0
1133562, 0.0037079681642353535, -0.4012261629104614, -1.4975334405899048, 0.014101840555667877, 0.005873724352568388, -0.028773237019777298, 0.0, 0.0, 0.0, 0.0, 0.0, 0.0, 0.0, 0.0017296448349952698, -0.40240955352783203, -1.4942398071289062, -0.023018699139356613, 237.0
1133581, 0.003703173017129302, -0.4012451469898224, -1.4974262714385986, 0.013935484923422337, 0.006087140645831823, -0.02796132303774357, 0.0, 0.0, 0.0, 0.0, 0.0, 0.0, 0.0, 0.0022261813282966614, -0.4026198387145996, -1.4944648742675781, -0.021709978580474854, 237.0
1133601, 0.0037235228810459375, -0.4012325406074524, -1.4974817037582397, 0.01400049775838852, 0.0063425879925489426, -0.028667625039815903, 0.0, 0.0, 0.0, 0.0, 0.0, 0.0, 0.0, 0.001320360228419304, -0.4026026725769043, -1.4942874908447266, -0.020985005423426628, 237.0
1133621, 0.0036799325607717037, -0.401236891746521, -1.4973924160003662, 0.013777085579931736, 0.0063579208217561245, -0.028439290821552277, 0.0, 0.0, 0.0, 0.0, 0.0, 0.0, 0.0, 0.0019525308161973953, -0.4025850296020508, -1.4944076538085938, -0.021338896825909615, 237.0
1133641, 0.0036521859001368284, -0.4012569189071655, -1.4972964525222778, 0.013966440223157406, 0.006207447033375502, -0.028200170025229454, 0.0, 0.0, 0.0, 0.0, 0.0, 0.0, 0.0, 0.0019118133932352066, -0.40273189544677734, -1.4943599700927734, -0.0205486211925745, 237.0
1133661, 0.003719680942595005, -0.40122702717781067, -1.4973766803741455, 0.014036871492862701, 0.006235342472791672, -0.028896404430270195, 0.0, 0.0, 0.0, 0.0, 0.0, 0.0, 0.0, 0.0019156113266944885, -0.4023556709289551, -1.4944400787353516, -0.019285880029201508, 237.0
1133681, 0.003640072187408805, -0.4012588858604431, -1.4973350763320923, 0.014143381267786026, 0.00591436168178916, -0.028691262006759644, 0.0, 0.0, 0.0, 0.0, 0.0, 0.0, 0.0, 0.0010814070701599121, -0.4027261734008789, -1.494394302368164, -0.01843947544693947, 235.0
1133701, 0.0036852399352937937, -0.40125060081481934, -1.4974124431610107, 0.014531269669532776, 0.006054017227143049, -0.028984153643250465, 0.0, 0.0, 0.0, 0.0, 0.0, 0.0, 0.0, 0.0022103525698184967, -0.4025897979736328, -1.4943351745605469, -0.0243531484156847, 235.0
1133721, 0.003690578043460846, -0.40125855803489685, -1.497348427772522, 0.014641220681369305, 0.006509993690997362, -0.028945790603756905, 0.0, 0.0, 0.0, 0.0, 0.0, 0.0, 0.0, 0.00251644104719162, -0.4024648666381836, -1.4944019317626953, -0.02376830205321312, 235.0
1133741, 0.0036760717630386353, -0.4012502133846283, -1.4972963333129883, 0.014496847055852413, 0.006416114512830973, -0.028846319764852524, 0.0, 0.0, 0.0, 0.0, 0.0, 0.0, 0.0, 0.0020481832325458527, -0.4024782180786133, -1.4944782257080078, -0.023482127115130424, 235.0
1133761, 0.0037292216438800097, -0.4012277126312256, -1.4973950386047363, 0.014677835628390312, 0.006448421627283096, -0.029582742601633072, 0.0, 0.0, 0.0, 0.0, 0.0, 0.0, 0.0, 0.001638561487197876, -0.4028468132019043, -1.4944725036621094, -0.022736333310604095, 235.0
1133781, 0.003712218254804611, -0.4012260437011719, -1.4973692893981934, 0.014453626237809658, 0.006603162735700607, -0.0297086164355278, 0.0, 0.0, 0.0, 0.0, 0.0, 0.0, 0.0, 0.0014296378940343857, -0.40254878997802734, -1.494405746459961, -0.021699972450733185, 241.0
1133801, 0.0037118408363312483, -0.40122169256210327, -1.4974770545959473, 0.014397181570529938, 0.006707870867103338, -0.03035464882850647, 0.0, 0.0, 0.0, 0.0, 0.0, 0.0, 0.0, 0.0013088565319776535, -0.4028620719909668, -1.4944496154785156, -0.022894246503710747, 241.0
1133821, 0.0037135903257876635, -0.40121138095855713, -1.4974483251571655, 0.014353114180266857, 0.006872488651424646, -0.03010222502052784, 0.0, 0.0, 0.0, 0.0, 0.0, 0.0, 0.0, 0.001763680949807167, -0.402524471282959, -1.4943923950195312, -0.023513589054346085, 241.0
1133841, 0.003629963379353285, -0.40122997760772705, -1.497389793395996, 0.014101400971412659, 0.006943955086171627, -0.02965560555458069, 0.0, 0.0, 0.0, 0.0, 0.0, 0.0, 0.0, 0.0017500277608633041, -0.4024791717529297, -1.494384765625, -0.02369280345737934, 241.0
1133862, 0.003716137493029237, -0.40117689967155457, -1.4974983930587769, 0.014375216327607632, 0.006990657653659582, -0.03039761818945408, 0.0, 0.0, 0.0, 0.0, 0.0, 0.0, 0.0, 0.0019014980643987656, -0.40260744094848633, -1.4942607879638672, -0.029963558539748192, 241.0
1133881, 0.0036992148961871862, -0.4011906683444977, -1.4974737167358398, 0.014230495318770409, 0.0067958650179207325, -0.030576813966035843, 0.0, 0.0, 0.0, 0.0, 0.0, 0.0, 0.0, 0.0015669986605644226, -0.4028949737548828, -1.4945144653320312, -0.028792496770620346, 238.0
1133901, 0.003737117862328887, -0.4011722803115845, -1.4975831508636475, 0.014785103499889374, 0.0066693187691271305, -0.03092196211218834, 0.0, 0.0, 0.0, 0.0, 0.0, 0.0, 0.0, 0.002149321138858795, -0.4025874137878418, -1.4943065643310547, -0.030052047222852707, 238.0
1133921, 0.003695323597639799, -0.40119051933288574, -1.4975420236587524, 0.014745448715984821, 0.006698469165712595, -0.03082561120390892, 0.0, 0.0, 0.0, 0.0, 0.0, 0.0, 0.0, 0.002183312550187111, -0.40241336822509766, -1.4943790435791016, -0.02982884831726551, 238.0
1133941, 0.003756876103579998, -0.4011683464050293, -1.4975879192352295, 0.015141393058001995, 0.006730641238391399, -0.030984818935394287, 0.0, 0.0, 0.0, 0.0, 0.0, 0.0, 0.0, 0.002588486298918724, -0.4024062156677246, -1.4944400787353516, -0.030780302360653877, 238.0
1133962, 0.003795123193413019, -0.40114784240722656, -1.4976844787597656, 0.015110384672880173, 0.006964599248021841, -0.03135127201676369, 0.0, 0.0, 0.0, 0.0, 0.0, 0.0, 0.0, 0.0018011461943387985, -0.40236902236938477, -1.4942779541015625, -0.031028693541884422, 238.0
1133981, 0.0037598032504320145, -0.4011569619178772, -1.4976329803466797, 0.015224646776914597, 0.006904340349137783, -0.03088199533522129, 0.0, 0.0, 0.0, 0.0, 0.0, 0.0, 0.0, 0.0012928470969200134, -0.40260839462280273, -1.4944534301757812, -0.030821997672319412, 242.0
1134001, 0.0037779221311211586, -0.4011532664299011, -1.4976335763931274, 0.015016143210232258, 0.006601712200790644, -0.03130880743265152, 0.0, 0.0, 0.0, 0.0, 0.0, 0.0, 0.0, 0.0017193108797073364, -0.40270233154296875, -1.4944419860839844, -0.028534486889839172, 242.0
1134021, 0.003870881162583828, -0.4011133313179016, -1.4978270530700684, 0.015305441804230213, 0.006862542126327753, -0.03210172429680824, 0.0, 0.0, 0.0, 0.0, 0.0, 0.0, 0.0, 0.002318544313311577, -0.4023733139038086, -1.4944744110107422, -0.029397109523415565, 242.0
1134041, 0.0038481790106743574, -0.4011181592941284, -1.4977370500564575, 0.01487857848405838, 0.006948435679078102, -0.031039368361234665, 0.0, 0.0, 0.0, 0.0, 0.0, 0.0, 0.0, 0.0021264441311359406, -0.40265893936157227, -1.4944419860839844, -0.02785259671509266, 242.0
1134062, 0.0038723244797438383, -0.40110093355178833, -1.497837781906128, 0.01482892595231533, 0.007034024689346552, -0.03137095645070076, 0.0, 0.0, 0.0, 0.0, 0.0, 0.0, 0.0, 0.0013843271881341934, -0.40280675888061523, -1.4944686889648438, -0.027221955358982086, 242.0
1134081, 0.0038581970147788525, -0.4011121094226837, -1.497767448425293, 0.01542635727673769, 0.007089116144925356, -0.03134148567914963, 0.0, 0.0, 0.0, 0.0, 0.0, 0.0, 0.0, 0.0022014230489730835, -0.40242910385131836, -1.4942779541015625, -0.026437876746058464, 238.0
1134101, 0.003950361628085375, -0.4010685384273529, -1.4978529214859009, 0.015566674061119556, 0.006932311691343784, -0.03176284208893776, 0.0, 0.0, 0.0, 0.0, 0.0, 0.0, 0.0, 0.0021548792719841003, -0.4022684097290039, -1.4944725036621094, -0.02502252161502838, 238.0
1134121, 0.003903611097484827, -0.4010903835296631, -1.4977654218673706, 0.015216728672385216, 0.006935822311788797, -0.03131340071558952, 0.0, 0.0, 0.0, 0.0, 0.0, 0.0, 0.0, 0.0016906298696994781, -0.4025754928588867, -1.4944000244140625, -0.026403604075312614, 238.0
1134141, 0.0038733286783099174, -0.4010995328426361, -1.4976842403411865, 0.014913208782672882, 0.007146124728024006, -0.030770160257816315, 0.0, 0.0, 0.0, 0.0, 0.0, 0.0, 0.0, 0.0014605522155761719, -0.40270566940307617, -1.494485855102539, -0.02638057991862297, 238.0
1134161, 0.003879280760884285, -0.4010818600654602, -1.4977734088897705, 0.014876999892294407, 0.007014315575361252, -0.031487878412008286, 0.0, 0.0, 0.0, 0.0, 0.0, 0.0, 0.0, 0.0017150714993476868, -0.40256786346435547, -1.494333267211914, -0.02531723864376545, 238.0
1134181, 0.0038440360222011805, -0.40110498666763306, -1.4976812601089478, 0.014506499283015728, 0.006893795914947987, -0.03126132860779762, 0.0, 0.0, 0.0, 0.0, 0.0, 0.0, 0.0, 0.0016447380185127258, -0.4028511047363281, -1.4944286346435547, -0.024406909942626953, 237.0
1134201, 0.003876206697896123, -0.40109261870384216, -1.4977774620056152, 0.0147574907168746, 0.006904162000864744, -0.03154166787862778, 0.0, 0.0, 0.0, 0.0, 0.0, 0.0, 0.0, 0.0015079155564308167, -0.4027113914489746, -1.4943199157714844, -0.024155637249350548, 237.0
1134221, 0.003822073107585311, -0.4011068046092987, -1.4976916313171387, 0.014574635773897171, 0.007097586058080196, -0.03074932098388672, 0.0, 0.0, 0.0, 0.0, 0.0, 0.0, 0.0, 0.0013898368924856186, -0.40273094177246094, -1.4942913055419922, -0.023940199986100197, 237.0
1134241, 0.0038773894775658846, -0.4010721445083618, -1.4977699518203735, 0.014548669569194317, 0.007086590863764286, -0.030864911153912544, 0.0, 0.0, 0.0, 0.0, 0.0, 0.0, 0.0, 0.002166159451007843, -0.40253305435180664, -1.4944820404052734, -0.025454437360167503, 237.0
1134261, 0.0038254144601523876, -0.4011031687259674, -1.4976886510849, 0.014231291599571705, 0.006986104883253574, -0.030948985368013382, 0.0, 0.0, 0.0, 0.0, 0.0, 0.0, 0.0, 0.0014684759080410004, -0.40294408798217773, -1.4944953918457031, -0.025025468319654465, 237.0
1134281, 0.003796836594119668, -0.40110814571380615, -1.4976398944854736, 0.014180674217641354, 0.006653903052210808, -0.031060390174388885, 0.0, 0.0, 0.0, 0.0, 0.0, 0.0, 0.0, 0.0012247487902641296, -0.402773380279541, -1.4943675994873047, -0.024762649089097977, 240.0
1134301, 0.00382549618370831, -0.4010942280292511, -1.4977387189865112, 0.014360716566443443, 0.006659545470029116, -0.031471822410821915, 0.0, 0.0, 0.0, 0.0, 0.0, 0.0, 0.0, 0.0017552897334098816, -0.40248727798461914, -1.494302749633789, -0.02396530658006668, 240.0
1134321, 0.003777456469833851, -0.40111643075942993, -1.4976799488067627, 0.014367750845849514, 0.00662518385797739, -0.031010521575808525, 0.0, 0.0, 0.0, 0.0, 0.0, 0.0, 0.0, 0.0010374430567026138, -0.40268659591674805, -1.4943618774414062, -0.023549653589725494, 240.0
1134341, 0.0037236525677144527, -0.4011514186859131, -1.4976016283035278, 0.014081948436796665, 0.006642257794737816, -0.030726538971066475, 0.0, 0.0, 0.0, 0.0, 0.0, 0.0, 0.0, 0.0015867054462432861, -0.4026007652282715, -1.4943618774414062, -0.02212950401008129, 240.0
1134361, 0.003766720648854971, -0.4011288285255432, -1.4977266788482666, 0.014153184369206429, 0.006723299622535706, -0.03174293786287308, 0.0, 0.0, 0.0, 0.0, 0.0, 0.0, 0.0, 0.001894630491733551, -0.4025120735168457, -1.4945068359375, -0.021818984299898148, 240.0
1134381, 0.0037645164411514997, -0.4011228382587433, -1.4977014064788818, 0.014415178447961807, 0.006684322375804186, -0.03187093511223793, 0.0, 0.0, 0.0, 0.0, 0.0, 0.0, 0.0, 0.0017563067376613617, -0.40247201919555664, -1.494384765625, -0.02125001884996891, 241.0
1134401, 0.003808834822848439, -0.40110301971435547, -1.4978368282318115, 0.014630611054599285, 0.006772067863494158, -0.03255419805645943, 0.0, 0.0, 0.0, 0.0, 0.0, 0.0, 0.0, 0.0020674169063568115, -0.4025101661682129, -1.4944324493408203, -0.020480701699852943, 241.0
1134421, 0.0038056285120546818, -0.40111252665519714, -1.4977940320968628, 0.014409738592803478, 0.006799273192882538, -0.03241425007581711, 0.0, 0.0, 0.0, 0.0, 0.0, 0.0, 0.0, 0.0018313899636268616, -0.4023256301879883, -1.4943180084228516, -0.020491156727075577, 241.0
1134441, 0.003718285821378231, -0.4011310040950775, -1.4977518320083618, 0.014100300148129463, 0.006855183281004429, -0.03203611075878143, 0.0, 0.0, 0.0, 0.0, 0.0, 0.0, 0.0, 0.0010816548019647598, -0.4025578498840332, -1.4943962097167969, -0.02024027891457081, 241.0
1134461, 0.003775072982534766, -0.4010982811450958, -1.4978835582733154, 0.014307628385722637, 0.0065936860628426075, -0.03254159912467003, 0.0, 0.0, 0.0, 0.0, 0.0, 0.0, 0.0, 0.0018959660083055496, -0.40270423889160156, -1.4944896697998047, -0.019497374072670937, 241.0
1134481, 0.0037620554212480783, -0.40110960602760315, -1.4978796243667603, 0.014159312471747398, 0.006550606340169907, -0.03260587528347969, 0.0, 0.0, 0.0, 0.0, 0.0, 0.0, 0.0, 0.0022240839898586273, -0.40260934829711914, -1.4944477081298828, -0.027086999267339706, 239.0
1134501, 0.00366857647895813, -0.401157408952713, -1.4976614713668823, 0.013988547027111053, 0.006580440327525139, -0.031584519892930984, 0.0, 0.0, 0.0, 0.0, 0.0, 0.0, 0.0, 0.0020553413778543472, -0.402341365814209, -1.4943428039550781, -0.027987666428089142, 239.0
1134521, 0.003799743950366974, -0.40110719203948975, -1.4979290962219238, 0.01476609893143177, 0.006695002317428589, -0.0326145775616169, 0.0, 0.0, 0.0, 0.0, 0.0, 0.0, 0.0, 0.002210814505815506, -0.40238332748413086, -1.4944095611572266, -0.028656810522079468, 239.0
1134541, 0.0037907841615378857, -0.40110456943511963, -1.4979149103164673, 0.01468514185398817, 0.006660040933638811, -0.03214763477444649, 0.0, 0.0, 0.0, 0.0, 0.0, 0.0, 0.0, 0.0018968228250741959, -0.40239381790161133, -1.4943275451660156, -0.028214402496814728, 239.0
1134561, 0.0037068272940814495, -0.4011552631855011, -1.4976845979690552, 0.014264041557908058, 0.006558569148182869, -0.031059324741363525, 0.0, 0.0, 0.0, 0.0, 0.0, 0.0, 0.0, 0.002010177820920944, -0.40253400802612305, -1.494394302368164, -0.026918651536107063, 239.0
1134581, 0.0038188977632671595, -0.40109559893608093, -1.4979355335235596, 0.014563150703907013, 0.0068167755380272865, -0.03191594406962395, 0.0, 0.0, 0.0, 0.0, 0.0, 0.0, 0.0, 0.002053774893283844, -0.40245485305786133, -1.4945640563964844, -0.026471057906746864, 240.0
1134601, 0.003713018726557493, -0.40114688873291016, -1.4977220296859741, 0.014244194142520428, 0.00666789710521698, -0.030885718762874603, 0.0, 0.0, 0.0, 0.0, 0.0, 0.0, 0.0, 0.001895274966955185, -0.40264320373535156, -1.494354248046875, -0.027438795194029808, 240.0
1134621, 0.0037105558440089226, -0.4011516869068146, -1.4976617097854614, 0.014257857576012611, 0.006706679239869118, -0.03054153174161911, 0.0, 0.0, 0.0, 0.0, 0.0, 0.0, 0.0, 0.0013781636953353882, -0.4028043746948242, -1.4944496154785156, -0.033151980489492416, 240.0
1134641, 0.003763953922316432, -0.4011201560497284, -1.497738003730774, 0.014604599215090275, 0.007028411608189344, -0.03071247786283493, 0.0, 0.0, 0.0, 0.0, 0.0, 0.0, 0.0, 0.0016640294343233109, -0.4026823043823242, -1.4944267272949219, -0.03125527501106262, 240.0
1134662, 0.0037251817993819714, -0.40112781524658203, -1.4976547956466675, 0.014704841189086437, 0.007040608208626509, -0.030029840767383575, 0.0, 0.0, 0.0, 0.0, 0.0, 0.0, 0.0, 0.0012062694877386093, -0.4025754928588867, -1.4944496154785156, -0.03089442104101181, 240.0
1134681, 0.003742380766198039, -0.4011457562446594, -1.4976222515106201, 0.0148492231965065, 0.006850270554423332, -0.030147625133395195, 0.0, 0.0, 0.0, 0.0, 0.0, 0.0, 0.0, 0.0017130598425865173, -0.4027519226074219, -1.4945831298828125, -0.02906249649822712, 238.0
1134701, 0.0037827680353075266, -0.40112656354904175, -1.4976829290390015, 0.015147489495575428, 0.00704499427229166, -0.030242590233683586, 0.0, 0.0, 0.0, 0.0, 0.0, 0.0, 0.0, 0.0014023687690496445, -0.4025893211364746, -1.4943866729736328, -0.03094795159995556, 238.0
1134721, 0.0037569995038211346, -0.40113523602485657, -1.497585654258728, 0.015032426454126835, 0.007141333073377609, -0.029637476429343224, 0.0, 0.0, 0.0, 0.0, 0.0, 0.0, 0.0, 0.0016314126551151276, -0.4025874137878418, -1.4943122863769531, -0.02992524579167366, 238.0
1134741, 0.0038032247684895992, -0.4011187255382538, -1.497658371925354, 0.015336796641349792, 0.0067382389679551125, -0.030129721388220787, 0.0, 0.0, 0.0, 0.0, 0.0, 0.0, 0.0, 0.0019102003425359726, -0.40241384506225586, -1.4944381713867188, -0.028124429285526276, 238.0
1134761, 0.0038003306835889816, -0.401126503944397, -1.4975522756576538, 0.01540107186883688, 0.006884934846311808, -0.029644876718521118, 0.0, 0.0, 0.0, 0.0, 0.0, 0.0, 0.0, 0.002124819904565811, -0.4026169776916504, -1.4943866729736328, -0.02701837569475174, 238.0
1134781, 0.0037482171319425106, -0.4011630117893219, -1.4974775314331055, 0.015131969004869461, 0.006572194863110781, -0.02924150601029396, 0.0, 0.0, 0.0, 0.0, 0.0, 0.0, 0.0, 0.001382177695631981, -0.402834415435791, -1.4945125579833984, -0.02644035406410694, 239.0
1134801, 0.00382060999982059, -0.40114057064056396, -1.4975488185882568, 0.015155225992202759, 0.0064692189916968346, -0.030047861859202385, 0.0, 0.0, 0.0, 0.0, 0.0, 0.0, 0.0, 0.0016412828117609024, -0.4026503562927246, -1.4943389892578125, -0.026566900312900543, 239.0
1134821, 0.0037713313940912485, -0.40116795897483826, -1.4974703788757324, 0.014926454052329063, 0.006216101348400116, -0.02969502843916416, 0.0, 0.0, 0.0, 0.0, 0.0, 0.0, 0.0, 0.0011925473809242249, -0.4027862548828125, -1.4943923950195312, -0.024714114144444466, 239.0
1134841, 0.0037373583763837814, -0.4011843800544739, -1.4973922967910767, 0.014791209250688553, 0.006373751908540726, -0.029343707486987114, 0.0, 0.0, 0.0, 0.0, 0.0, 0.0, 0.0, 0.002269703894853592, -0.40239810943603516, -1.4944305419921875, -0.025077369064092636, 239.0
1134861, 0.0037840951699763536, -0.40116751194000244, -1.4974825382232666, 0.014880872331559658, 0.006963556632399559, -0.02971300110220909, 0.0, 0.0, 0.0, 0.0, 0.0, 0.0, 0.0, 0.0016098972409963608, -0.40262269973754883, -1.494558334350586, -0.023761704564094543, 239.0
1134881, 0.003754274919629097, -0.40117284655570984, -1.4974392652511597, 0.014701725915074348, 0.006915385834872723, -0.029826948419213295, 0.0, 0.0, 0.0, 0.0, 0.0, 0.0, 0.0, 0.00212724506855011, -0.40245962142944336, -1.4945335388183594, -0.024033626541495323, 239.0
1134901, 0.003805498592555523, -0.4011462926864624, -1.4975504875183105, 0.014597069472074509, 0.006801266223192215, -0.03073921985924244, 0.0, 0.0, 0.0, 0.0, 0.0, 0.0, 0.0, 0.0014594346284866333, -0.40276241302490234, -1.494455337524414, -0.023473180830478668, 239.0
1134921, 0.0037675739731639624, -0.4011709988117218, -1.4975091218948364, 0.014203248545527458, 0.006586093921214342, -0.030431928113102913, 0.0, 0.0, 0.0, 0.0, 0.0, 0.0, 0.0, 0.0020023826509714127, -0.40265798568725586, -1.4944477081298828, -0.023042596876621246, 239.0
1134941, 0.0037472632247954607, -0.40117576718330383, -1.4974578619003296, 0.014295275323092937, 0.0064009069465100765, -0.02988828532397747, 0.0, 0.0, 0.0, 0.0, 0.0, 0.0, 0.0, 0.0019248928874731064, -0.4023895263671875, -1.4944000244140625, -0.02355032227933407, 239.0
1134962, 0.0037660866510123014, -0.4011552929878235, -1.4975576400756836, 0.014474521391093731, 0.006469478830695152, -0.030204202979803085, 0.0, 0.0, 0.0, 0.0, 0.0, 0.0, 0.0, 0.002014271914958954, -0.4024500846862793, -1.4944076538085938, -0.022998696193099022, 239.0
1134981, 0.0037392794620245695, -0.4011780023574829, -1.4975149631500244, 0.014212863519787788, 0.00623658811673522, -0.03002392128109932, 0.0, 0.0, 0.0, 0.0, 0.0, 0.0, 0.0, 0.0019676797091960907, -0.4024209976196289, -1.4943599700927734, -0.02164289355278015, 238.0
1135001, 0.00375674688257277, -0.4011680781841278, -1.4976063966751099, 0.014314530417323112, 0.006013659760355949, -0.03055386058986187, 0.0, 0.0, 0.0, 0.0, 0.0, 0.0, 0.0, 0.001894799992442131, -0.4026312828063965, -1.4944419860839844, -0.020961787551641464, 238.0
1135021, 0.0037473500706255436, -0.40118321776390076, -1.4975619316101074, 0.014186899177730083, 0.006360603962093592, -0.030562100932002068, 0.0, 0.0, 0.0, 0.0, 0.0, 0.0, 0.0, 0.001638529822230339, -0.4027552604675293, -1.4944686889648438, -0.019261972978711128, 238.0
1135041, 0.0037137672770768404, -0.40119463205337524, -1.4975172281265259, 0.013953671790659428, 0.00638982467353344, -0.030393412336707115, 0.0, 0.0, 0.0, 0.0, 0.0, 0.0, 0.0, 0.001955818384885788, -0.40253639221191406, -1.4944267272949219, -0.019214345142245293, 238.0
1135061, 0.003724617650732398, -0.40118029713630676, -1.4976258277893066, 0.014028564095497131, 0.006470167078077793, -0.030719341710209846, 0.0, 0.0, 0.0, 0.0, 0.0, 0.0, 0.0, 0.0021600574254989624, -0.40256547927856445, -1.494537353515625, -0.019519805908203125, 238.0
1135081, 0.003706390503793955, -0.4012044072151184, -1.4976080656051636, 0.013868462294340134, 0.00638857064768672, -0.030880123376846313, 0.0, 0.0, 0.0, 0.0, 0.0, 0.0, 0.0, 0.00166364386677742, -0.40261316299438477, -1.494375228881836, -0.01733914017677307, 242.0
1135101, 0.003802887164056301, -0.40113383531570435, -1.4978070259094238, 0.014486890286207199, 0.006649186369031668, -0.031628020107746124, 0.0, 0.0, 0.0, 0.0, 0.0, 0.0, 0.0, 0.001847894862294197, -0.4024205207824707, -1.4945220947265625, -0.01741618849337101, 242.0
1135121, 0.003753741504624486, -0.4011501669883728, -1.4977223873138428, 0.014064623974263668, 0.006638467311859131, -0.03090289607644081, 0.0, 0.0, 0.0, 0.0, 0.0, 0.0, 0.0, 0.0013833362609148026, -0.40274715423583984, -1.4944267272949219, -0.015228111296892166, 242.0
1135141, 0.003783405991271138, -0.4011422097682953, -1.4978276491165161, 0.0143474992364645, 0.006252805702388287, -0.031460437923669815, 0.0, 0.0, 0.0, 0.0, 0.0, 0.0, 0.0, 0.0018231123685836792, -0.4030342102050781, -1.4940910339355469, -0.015131761319935322, 242.0
1135161, 0.0037684801500290632, -0.4011491537094116, -1.4978078603744507, 0.014437238685786724, 0.006216984707862139, -0.03140696883201599, 0.0, 0.0, 0.0, 0.0, 0.0, 0.0, 0.0, 0.0020781811326742172, -0.4024691581726074, -1.4945526123046875, -0.014931428246200085, 242.0
1135181, 0.003777612466365099, -0.40114569664001465, -1.4978200197219849, 0.014585660770535469, 0.006452573928982019, -0.031584132462739944, 0.0, 0.0, 0.0, 0.0, 0.0, 0.0, 0.0, 0.0015449952334165573, -0.4025568962097168, -1.4944038391113281, -0.014008779078722, 234.0
1135202, 0.0038412006106227636, -0.4011177122592926, -1.4979552030563354, 0.014792878180742264, 0.006823464296758175, -0.03208430856466293, 0.0, 0.0, 0.0, 0.0, 0.0, 0.0, 0.0, 0.0020832139998674393, -0.4024796485900879, -1.494375228881836, -0.013770503923296928, 234.0
1135221, 0.0037898230366408825, -0.40113139152526855, -1.4978514909744263, 0.014692593365907669, 0.007265470456331968, -0.03133203089237213, 0.0, 0.0, 0.0, 0.0, 0.0, 0.0, 0.0, 0.0022307299077510834, -0.4025535583496094, -1.4944286346435547, -0.013466349802911282, 234.0
1135241, 0.0036922732833772898, -0.4011683166027069, -1.4976309537887573, 0.014541775919497013, 0.007318823132663965, -0.030103210359811783, 0.0, 0.0, 0.0, 0.0, 0.0, 0.0, 0.0, 0.0020483434200286865, -0.40239524841308594, -1.4943313598632812, -0.013121731579303741, 234.0
1135261, 0.00384820019826293, -0.4010882079601288, -1.497810959815979, 0.015149828046560287, 0.007846606895327568, -0.030530698597431183, 0.0, 0.0, 0.0, 0.0, 0.0, 0.0, 0.0, 0.002113848924636841, -0.40256834030151367, -1.4943046569824219, -0.013880109414458275, 234.0
1135281, 0.003785948734730482, -0.40110617876052856, -1.4977110624313354, 0.01484855730086565, 0.007865275256335735, -0.030120326206088066, 0.0, 0.0, 0.0, 0.0, 0.0, 0.0, 0.0, 0.0012011881917715073, -0.40292787551879883, -1.4943618774414062, -0.011759473010897636, 238.0
1135301, 0.0036947389598935843, -0.4011315107345581, -1.497491478919983, 0.014497946947813034, 0.007705759722739458, -0.028961198404431343, 0.0, 0.0, 0.0, 0.0, 0.0, 0.0, 0.0, 0.002151546999812126, -0.402193546295166, -1.4943771362304688, -0.013021310791373253, 238.0
1135321, 0.0036425909493118525, -0.4011547863483429, -1.497382402420044, 0.014124971814453602, 0.00719628669321537, -0.028168899938464165, 0.0, 0.0, 0.0, 0.0, 0.0, 0.0, 0.0, 0.001764923334121704, -0.40270423889160156, -1.4944782257080078, -0.013399218209087849, 238.0
1135341, 0.0037257603835314512, -0.4011068642139435, -1.4974610805511475, 0.014452299103140831, 0.007323788478970528, -0.02875579707324505, 0.0, 0.0, 0.0, 0.0, 0.0, 0.0, 0.0, 0.0015387386083602905, -0.4026336669921875, -1.4944515228271484, -0.013778851367533207, 238.0
1135361, 0.0036415113136172295, -0.4011602997779846, -1.4973222017288208, 0.014425385743379593, 0.007013059686869383, -0.02814764343202114, 0.0, 0.0, 0.0, 0.0, 0.0, 0.0, 0.0, 0.0017115026712417603, -0.40270423889160156, -1.4944019317626953, -0.0145716592669487, 238.0
1135381, 0.0036493544466793537, -0.40114742517471313, -1.4972596168518066, 0.014529768377542496, 0.00758752878755331, -0.027974221855401993, 0.0, 0.0, 0.0, 0.0, 0.0, 0.0, 0.0, 0.002425551414489746, -0.40227556228637695, -1.4944934844970703, -0.013890226371586323, 240.0
1135402, 0.003682062728330493, -0.40113136172294617, -1.497329831123352, 0.01493097748607397, 0.007801668718457222, -0.028165925294160843, 0.0, 0.0, 0.0, 0.0, 0.0, 0.0, 0.0, 0.0012703631073236465, -0.4028511047363281, -1.4943656921386719, -0.012978236190974712, 240.0
1135421, 0.003654167288914323, -0.401125967502594, -1.4972444772720337, 0.015339953824877739, 0.007975266315042973, -0.02800445817410946, 0.0, 0.0, 0.0, 0.0, 0.0, 0.0, 0.0, 0.0015902910381555557, -0.40252685546875, -1.4943656921386719, -0.011011640541255474, 240.0
1135442, 0.003711942583322525, -0.40110084414482117, -1.497352957725525, 0.015714336186647415, 0.007836786098778248, -0.029047248885035515, 0.0, 0.0, 0.0, 0.0, 0.0, 0.0, 0.0, 0.0017459522932767868, -0.40284156799316406, -1.4946784973144531, -0.010638074018061161, 240.0
1135461, 0.0037298761308193207, -0.40110260248184204, -1.4972847700119019, 0.015869809314608574, 0.007632825057953596, -0.02896014228463173, 0.0, 0.0, 0.0, 0.0, 0.0, 0.0, 0.0, 0.002175409346818924, -0.40253305435180664, -1.494424819946289, -0.01117175817489624, 240.0
1135481, 0.003705463372170925, -0.40113580226898193, -1.4972572326660156, 0.015894392505288124, 0.007267262786626816, -0.029209475964307785, 0.0, 0.0, 0.0, 0.0, 0.0, 0.0, 0.0, 0.0014582164585590363, -0.40291452407836914, -1.4944438934326172, -0.018556026741862297, 241.0
1135501, 0.0037605047691613436, -0.4011152982711792, -1.4973933696746826, 0.016228286549448967, 0.007164498325437307, -0.030002735555171967, 0.0, 0.0, 0.0, 0.0, 0.0, 0.0, 0.0, 0.0016951058059930801, -0.40272092819213867, -1.494485855102539, -0.016262641176581383, 241.0
1135521, 0.0037700068205595016, -0.4011256992816925, -1.4973390102386475, 0.01639176532626152, 0.007498438004404306, -0.029646841809153557, 0.0, 0.0, 0.0, 0.0, 0.0, 0.0, 0.0, 0.0018113814294338226, -0.40250062942504883, -1.494394302368164, -0.015614371746778488, 241.0
1135541, 0.0038620575796812773, -0.4011021852493286, -1.497450351715088, 0.016816381365060806, 0.0073270779103040695, -0.02997472696006298, 0.0, 0.0, 0.0, 0.0, 0.0, 0.0, 0.0, 0.0015898700803518295, -0.40255069732666016, -1.4944305419921875, -0.016980215907096863, 241.0
1135561, 0.003852101508527994, -0.4011148512363434, -1.4974287748336792, 0.016869209706783295, 0.007310155313462019, -0.029957281425595284, 0.0, 0.0, 0.0, 0.0, 0.0, 0.0, 0.0, 0.001254197210073471, -0.40265703201293945, -1.4944171905517578, -0.016214845702052116, 241.0
1135581, 0.003837674856185913, -0.4011264741420746, -1.497390866279602, 0.016293715685606003, 0.007267017383128405, -0.029818523675203323, 0.0, 0.0, 0.0, 0.0, 0.0, 0.0, 0.0, 0.0018799379467964172, -0.40272092819213867, -1.4944686889648438, -0.016509782522916794, 238.0
1135602, 0.003896361915394664, -0.4011033773422241, -1.497491478919983, 0.01605711691081524, 0.007057348731905222, -0.030440282076597214, 0.0, 0.0, 0.0, 0.0, 0.0, 0.0, 0.0, 0.0020714737474918365, -0.402468204498291, -1.494436264038086, -0.01476907730102539, 238.0
1135621, 0.003859648248180747, -0.4011238217353821, -1.49744713306427, 0.01592676155269146, 0.00670433696359396, -0.030185850337147713, 0.0, 0.0, 0.0, 0.0, 0.0, 0.0, 0.0, 0.0015752613544464111, -0.40275001525878906, -1.4944438934326172, -0.015058562159538269, 238.0
1135641, 0.003909555729478598, -0.40111005306243896, -1.497573733329773, 0.01613636314868927, 0.006904751528054476, -0.0308481827378273, 0.0, 0.0, 0.0, 0.0, 0.0, 0.0, 0.0, 0.0021684840321540833, -0.4024529457092285, -1.4943180084228516, -0.021206483244895935, 238.0
1135661, 0.00391472177579999, -0.40111592411994934, -1.497558355331421, 0.016177868470549583, 0.007032004185020924, -0.030889097601175308, 0.0, 0.0, 0.0, 0.0, 0.0, 0.0, 0.0, 0.0018685869872570038, -0.4026484489440918, -1.4944438934326172, -0.02060604840517044, 238.0
1135681, 0.0039095631800591946, -0.4011254906654358, -1.4975042343139648, 0.01614181324839592, 0.006750673055648804, -0.03034302406013012, 0.0, 0.0, 0.0, 0.0, 0.0, 0.0, 0.0, 0.002048920840024948, -0.402341365814209, -1.4945125579833984, -0.0205166544765234, 238.0
1135702, 0.003970202524214983, -0.40110310912132263, -1.4976255893707275, 0.01626606471836567, 0.006449566222727299, -0.030711429193615913, 0.0, 0.0, 0.0, 0.0, 0.0, 0.0, 0.0, 0.0018043555319309235, -0.4024467468261719, -1.4944343566894531, -0.01963580586016178, 238.0
1135721, 0.003943845629692078, -0.40112605690956116, -1.4975874423980713, 0.01626751758158207, 0.006361706648021936, -0.030463701114058495, 0.0, 0.0, 0.0, 0.0, 0.0, 0.0, 0.0, 0.0020967014133930206, -0.40253210067749023, -1.4943790435791016, -0.019705789163708687, 238.0
1135741, 0.0039052453357726336, -0.40116074681282043, -1.4975184202194214, 0.015761418268084526, 0.006079087033867836, -0.030031317844986916, 0.0, 0.0, 0.0, 0.0, 0.0, 0.0, 0.0, 0.0017006434500217438, -0.40271615982055664, -1.4944572448730469, -0.020124318078160286, 238.0
1135761, 0.003962349612265825, -0.40115219354629517, -1.497656226158142, 0.016003284603357315, 0.005803610198199749, -0.030722269788384438, 0.0, 0.0, 0.0, 0.0, 0.0, 0.0, 0.0, 0.0019365809857845306, -0.40279245376586914, -1.4943504333496094, -0.018612094223499298, 238.0
1135781, 0.003965461160987616, -0.4011574387550354, -1.4976307153701782, 0.01584279164671898, 0.006080493796616793, -0.030585264787077904, 0.0, 0.0, 0.0, 0.0, 0.0, 0.0, 0.0, 0.0021609365940093994, -0.40240001678466797, -1.4944400787353516, -0.018517274409532547, 243.0
1135801, 0.00404389901086688, -0.40113189816474915, -1.497783899307251, 0.016106508672237396, 0.006120753008872271, -0.03128548339009285, 0.0, 0.0, 0.0, 0.0, 0.0, 0.0, 0.0, 0.0013128332793712616, -0.40275049209594727, -1.4944705963134766, -0.018695835024118423, 243.0
1135821, 0.003953979816287756, -0.4011666476726532, -1.4976803064346313, 0.015883611515164375, 0.006118940655142069, -0.03066347911953926, 0.0, 0.0, 0.0, 0.0, 0.0, 0.0, 0.0, 0.0016549937427043915, -0.4027371406555176, -1.4943923950195312, -0.01825987733900547, 243.0
1135841, 0.003937057219445705, -0.4011812210083008, -1.497592568397522, 0.015851669013500214, 0.006297516170889139, -0.030330879613757133, 0.0, 0.0, 0.0, 0.0, 0.0, 0.0, 0.0, 0.001562880352139473, -0.40270280838012695, -1.494375228881836, -0.017535991966724396, 243.0
1135861, 0.003989812918007374, -0.4011666476726532, -1.4976844787597656, 0.016198284924030304, 0.006139105185866356, -0.030589042231440544, 0.0, 0.0, 0.0, 0.0, 0.0, 0.0, 0.0, 0.0023327097296714783, -0.40249061584472656, -1.494394302368164, -0.01744863949716091, 243.0
1135881, 0.004019701387733221, -0.40115922689437866, -1.4977792501449585, 0.01628667488694191, 0.005911324173212051, -0.031155478209257126, 0.0, 0.0, 0.0, 0.0, 0.0, 0.0, 0.0, 0.0021656565368175507, -0.40247297286987305, -1.4944324493408203, -0.01728692464530468, 236.0
1135901, 0.004010006319731474, -0.40117785334587097, -1.4976896047592163, 0.01630849577486515, 0.005978546570986509, -0.030810609459877014, 0.0, 0.0, 0.0, 0.0, 0.0, 0.0, 0.0, 0.0020389463752508163, -0.40233755111694336, -1.4944019317626953, -0.016172369942069054, 236.0
1135921, 0.0039539639838039875, -0.4011933207511902, -1.497575283050537, 0.01599554717540741, 0.006013378035277128, -0.029923999682068825, 0.0, 0.0, 0.0, 0.0, 0.0, 0.0, 0.0, 0.0012889038771390915, -0.4026970863342285, -1.4944496154785156, -0.02105194889008999, 236.0
1135941, 0.004002528265118599, -0.40118223428726196, -1.497672438621521, 0.016157327219843864, 0.005846353713423014, -0.030247868970036507, 0.0, 0.0, 0.0, 0.0, 0.0, 0.0, 0.0, 0.0017567984759807587, -0.4023399353027344, -1.494497299194336, -0.021359818056225777, 236.0
1135961, 0.0039704530499875546, -0.4011974632740021, -1.4975745677947998, 0.016028892248868942, 0.005959175061434507, -0.02971411496400833, 0.0, 0.0, 0.0, 0.0, 0.0, 0.0, 0.0, 0.0020653605461120605, -0.40265369415283203, -1.494455337524414, -0.02158437855541706, 236.0
1135981, 0.004040722269564867, -0.4011782109737396, -1.4976643323898315, 0.016178186982870102, 0.006060355342924595, -0.030298849567770958, 0.0, 0.0, 0.0, 0.0, 0.0, 0.0, 0.0, 0.0015233438462018967, -0.402768611907959, -1.4945144653320312, -0.01991669088602066, 234.0
1136001, 0.003969505429267883, -0.40120574831962585, -1.497598648071289, 0.015765482559800148, 0.006279498804360628, -0.030119039118289948, 0.0, 0.0, 0.0, 0.0, 0.0, 0.0, 0.0, 0.0014456883072853088, -0.40300512313842773, -1.4945049285888672, -0.019256627187132835, 234.0
1136021, 0.003915739245712757, -0.4012260138988495, -1.4974980354309082, 0.015460405498743057, 0.006237315479665995, -0.029547549784183502, 0.0, 0.0, 0.0, 0.0, 0.0, 0.0, 0.0, 0.00211225263774395, -0.40229177474975586, -1.4943809509277344, -0.019221080467104912, 234.0
1136041, 0.003958522342145443, -0.40122300386428833, -1.497607707977295, 0.015701977536082268, 0.006179081276059151, -0.030198855325579643, 0.0, 0.0, 0.0, 0.0, 0.0, 0.0, 0.0, 0.001841425895690918, -0.40265989303588867, -1.4945125579833984, -0.023939749225974083, 234.0
1136061, 0.00391565915197134, -0.40121838450431824, -1.4975569248199463, 0.01547321304678917, 0.006068335380405188, -0.030100300908088684, 0.0, 0.0, 0.0, 0.0, 0.0, 0.0, 0.0, 0.0024236738681793213, -0.4023294448852539, -1.4945144653320312, -0.024476991966366768, 234.0
1136081, 0.003886621445417404, -0.4012344479560852, -1.4974877834320068, 0.015520598739385605, 0.006012610625475645, -0.029499324038624763, 0.0, 0.0, 0.0, 0.0, 0.0, 0.0, 0.0, 0.002316368743777275, -0.40249061584472656, -1.4944629669189453, -0.024030257016420364, 237.0
1136101, 0.003947645425796509, -0.40121397376060486, -1.4976180791854858, 0.015877166762948036, 0.006144648417830467, -0.030406160280108452, 0.0, 0.0, 0.0, 0.0, 0.0, 0.0, 0.0, 0.0016380175948143005, -0.4026951789855957, -1.4944419860839844, -0.02405519038438797, 237.0
1136121, 0.0038806821685284376, -0.40123501420021057, -1.4975526332855225, 0.01542456541210413, 0.006018427666276693, -0.030317408964037895, 0.0, 0.0, 0.0, 0.0, 0.0, 0.0, 0.0, 0.0018815100193023682, -0.40250301361083984, -1.4943675994873047, -0.024871904402971268, 237.0
1136141, 0.0039387173019349575, -0.4012002944946289, -1.4976879358291626, 0.015426712110638618, 0.0061476160772144794, -0.03094910830259323, 0.0, 0.0, 0.0, 0.0, 0.0, 0.0, 0.0, 0.0026283524930477142, -0.40237951278686523, -1.494598388671875, -0.0250185988843441, 237.0
1136161, 0.003916448913514614, -0.4012007415294647, -1.4976345300674438, 0.015227832831442356, 0.00634889118373394, -0.030972661450505257, 0.0, 0.0, 0.0, 0.0, 0.0, 0.0, 0.0, 0.0020913779735565186, -0.40247631072998047, -1.4943885803222656, -0.023294776678085327, 237.0
1136181, 0.003939005080610514, -0.4011809825897217, -1.4977617263793945, 0.015500501729547977, 0.006437412928789854, -0.03144625946879387, 0.0, 0.0, 0.0, 0.0, 0.0, 0.0, 0.0, 0.002129465341567993, -0.40252065658569336, -1.4944705963134766, -0.023942995816469193, 245.0
1136201, 0.003918836824595928, -0.40119510889053345, -1.497718095779419, 0.01577805168926716, 0.006811386905610561, -0.031184261664748192, 0.0, 0.0, 0.0, 0.0, 0.0, 0.0, 0.0, 0.00215083546936512, -0.40235137939453125, -1.4943561553955078, -0.02265830524265766, 245.0
1136221, 0.0038715980481356382, -0.4011912941932678, -1.4976603984832764, 0.015847761183977127, 0.006818926893174648, -0.03084525652229786, 0.0, 0.0, 0.0, 0.0, 0.0, 0.0, 0.0, 0.001810641959309578, -0.4023733139038086, -1.4944782257080078, -0.02225114405155182, 245.0
1136241, 0.003956121392548084, -0.4011503756046295, -1.4977840185165405, 0.016153628006577492, 0.006767977029085159, -0.031407929956912994, 0.0, 0.0, 0.0, 0.0, 0.0, 0.0, 0.0, 0.0021933820098638535, -0.40242528915405273, -1.4943790435791016, -0.021133076399564743, 245.0
1136261, 0.003976421896368265, -0.40114274621009827, -1.4978092908859253, 0.016060519963502884, 0.006775451824069023, -0.03192785382270813, 0.0, 0.0, 0.0, 0.0, 0.0, 0.0, 0.0, 0.002130609005689621, -0.4026012420654297, -1.4944572448730469, -0.01992443948984146, 245.0
1136281, 0.003934028558433056, -0.40115317702293396, -1.4977303743362427, 0.015689335763454437, 0.007125161588191986, -0.03125780075788498, 0.0, 0.0, 0.0, 0.0, 0.0, 0.0, 0.0, 0.0020864345133304596, -0.4024176597595215, -1.4944419860839844, -0.019898928701877594, 238.0
1136302, 0.003979082219302654, -0.4011166989803314, -1.4978502988815308, 0.01582067273557186, 0.007218949031084776, -0.03160650655627251, 0.0, 0.0, 0.0, 0.0, 0.0, 0.0, 0.0, 0.0012766197323799133, -0.4027833938598633, -1.4944896697998047, -0.01869533769786358, 238.0
1136321, 0.0039834268391132355, -0.4011121690273285, -1.4978232383728027, 0.01571660302579403, 0.007088843733072281, -0.031344491988420486, 0.0, 0.0, 0.0, 0.0, 0.0, 0.0, 0.0, 0.001995149999856949, -0.4024195671081543, -1.4943065643310547, -0.01957576721906662, 238.0
1136341, 0.003892352106049657, -0.40113726258277893, -1.4976528882980347, 0.015401872806251049, 0.006995780393481255, -0.030480822548270226, 0.0, 0.0, 0.0, 0.0, 0.0, 0.0, 0.0, 0.0021551847457885742, -0.40241098403930664, -1.494375228881836, -0.020625460892915726, 238.0
1136361, 0.0038953337352722883, -0.4011313021183014, -1.4976474046707153, 0.015293307602405548, 0.0069345226511359215, -0.030320173129439354, 0.0, 0.0, 0.0, 0.0, 0.0, 0.0, 0.0, 0.0014374107122421265, -0.40283632278442383, -1.4943828582763672, -0.01981201209127903, 238.0
1136381, 0.0038199094124138355, -0.401162326335907, -1.4975475072860718, 0.015021211467683315, 0.006911308038979769, -0.029500696808099747, 0.0, 0.0, 0.0, 0.0, 0.0, 0.0, 0.0, 0.001468786969780922, -0.4028654098510742, -1.494466781616211, -0.025467628613114357, 236.0
1136402, 0.0038553134072571993, -0.40113121271133423, -1.497618556022644, 0.01501899678260088, 0.006899746134877205, -0.029509393498301506, 0.0, 0.0, 0.0, 0.0, 0.0, 0.0, 0.0, 0.0016148537397384644, -0.40259695053100586, -1.4944915771484375, -0.025340473279356956, 236.0
1136421, 0.0038152169436216354, -0.40114516019821167, -1.4975156784057617, 0.014712804928421974, 0.006708626635372639, -0.028877511620521545, 0.0, 0.0, 0.0, 0.0, 0.0, 0.0, 0.0, 0.0021720100194215775, -0.4023704528808594, -1.4943523406982422, -0.031209014356136322, 236.0
1136441, 0.0038869057316333055, -0.4011174440383911, -1.4975745677947998, 0.014600555412471294, 0.006652910728007555, -0.029247194528579712, 0.0, 0.0, 0.0, 0.0, 0.0, 0.0, 0.0, 0.0019974373281002045, -0.40257978439331055, -1.4944210052490234, -0.031870823353528976, 236.0
1136461, 0.0038291839882731438, -0.4011506736278534, -1.4974942207336426, 0.014614760875701904, 0.006593717727810144, -0.02878745272755623, 0.0, 0.0, 0.0, 0.0, 0.0, 0.0, 0.0, 0.0012711510062217712, -0.4029397964477539, -1.4944705963134766, -0.03381900489330292, 236.0
1136481, 0.003834106959402561, -0.40114420652389526, -1.4975414276123047, 0.014707731083035469, 0.006542179733514786, -0.029139582067728043, 0.0, 0.0, 0.0, 0.0, 0.0, 0.0, 0.0, 0.0015172045677900314, -0.40271854400634766, -1.494344711303711, -0.03182704746723175, 235.0
1136501, 0.003804386593401432, -0.40115413069725037, -1.4974570274353027, 0.014756730757653713, 0.006558944471180439, -0.02864556387066841, 0.0, 0.0, 0.0, 0.0, 0.0, 0.0, 0.0, 0.0017069857567548752, -0.40266895294189453, -1.4944953918457031, -0.03185335919260979, 235.0
1136521, 0.003789027687162161, -0.4011729657649994, -1.497369408607483, 0.014772538095712662, 0.0063810707069933414, -0.0281144380569458, 0.0, 0.0, 0.0, 0.0, 0.0, 0.0, 0.0, 0.0021201856434345245, -0.40258026123046875, -1.4944000244140625, -0.03233601152896881, 235.0
1136541, 0.0037925203796476126, -0.4011780321598053, -1.4974461793899536, 0.014746682718396187, 0.006212546024471521, -0.028652912005782127, 0.0, 0.0, 0.0, 0.0, 0.0, 0.0, 0.0, 0.0018211007118225098, -0.4027080535888672, -1.4943828582763672, -0.03658772632479668, 235.0
1136561, 0.0037659865338355303, -0.40118831396102905, -1.4973595142364502, 0.014938373118638992, 0.006256328895688057, -0.028418174013495445, 0.0, 0.0, 0.0, 0.0, 0.0, 0.0, 0.0, 0.0017275214195251465, -0.40257883071899414, -1.4944400787353516, -0.03570861741900444, 235.0
1136581, 0.003720220411196351, -0.401215523481369, -1.4972829818725586, 0.014747901819646358, 0.006549609825015068, -0.02813972532749176, 0.0, 0.0, 0.0, 0.0, 0.0, 0.0, 0.0, 0.0019274856895208359, -0.40247154235839844, -1.4944610595703125, -0.03508555144071579, 241.0
1136601, 0.003790690563619137, -0.40118837356567383, -1.4973794221878052, 0.015059251338243484, 0.0066131362691521645, -0.028708234429359436, 0.0, 0.0, 0.0, 0.0, 0.0, 0.0, 0.0, 0.0018259640783071518, -0.4027137756347656, -1.4941825866699219, -0.03459448367357254, 241.0
1136621, 0.0037656938657164574, -0.4011998772621155, -1.4973225593566895, 0.015041273087263107, 0.0067397309467196465, -0.028722798451781273, 0.0, 0.0, 0.0, 0.0, 0.0, 0.0, 0.0, 0.0020520612597465515, -0.402498722076416, -1.4943618774414062, -0.04074180871248245, 241.0
1136641, 0.0037949669640511274, -0.40118101239204407, -1.497435212135315, 0.01526782289147377, 0.006786552257835865, -0.029364846646785736, 0.0, 0.0, 0.0, 0.0, 0.0, 0.0, 0.0, 0.001746099442243576, -0.40278196334838867, -1.4945869445800781, -0.04083679988980293, 241.0
1136661, 0.003782792715355754, -0.4011888802051544, -1.497379183769226, 0.015319139696657658, 0.00697601493448019, -0.029127508401870728, 0.0, 0.0, 0.0, 0.0, 0.0, 0.0, 0.0, 0.0016025248914957047, -0.40259647369384766, -1.4943523406982422, -0.04138505086302757, 241.0
1136681, 0.003795456839725375, -0.4011599123477936, -1.4974794387817383, 0.015301557257771492, 0.007337069604545832, -0.029634643346071243, 0.0, 0.0, 0.0, 0.0, 0.0, 0.0, 0.0, 0.0010688398033380508, -0.40272045135498047, -1.4944095611572266, -0.041691854596138, 235.0
1136701, 0.003784359199926257, -0.40116086602211, -1.49744713306427, 0.01545682642608881, 0.007493434939533472, -0.0294563677161932, 0.0, 0.0, 0.0, 0.0, 0.0, 0.0, 0.0, 0.0016309674829244614, -0.4029068946838379, -1.4945259094238281, -0.04133932292461395, 235.0
1136721, 0.0038078457582741976, -0.40113094449043274, -1.4973993301391602, 0.01555539108812809, 0.00752890482544899, -0.029351992532610893, 0.0, 0.0, 0.0, 0.0, 0.0, 0.0, 0.0, 0.002341046929359436, -0.4023008346557617, -1.4943161010742188, -0.04208465665578842, 235.0
1136741, 0.003860197262838483, -0.4011099338531494, -1.4975075721740723, 0.015428227372467518, 0.007582159247249365, -0.029514936730265617, 0.0, 0.0, 0.0, 0.0, 0.0, 0.0, 0.0, 0.0015229247510433197, -0.40299224853515625, -1.49462890625, -0.042375076562166214, 235.0
1136761, 0.003823785111308098, -0.4011171758174896, -1.4974483251571655, 0.015584487468004227, 0.007378191687166691, -0.02941289357841015, 0.0, 0.0, 0.0, 0.0, 0.0, 0.0, 0.0, 0.0014953911304473877, -0.40278005599975586, -1.4943695068359375, -0.04310924559831619, 235.0
1136781, 0.003898466704413295, -0.40108439326286316, -1.4975953102111816, 0.01589285209774971, 0.007361074443906546, -0.03005243092775345, 0.0, 0.0, 0.0, 0.0, 0.0, 0.0, 0.0, 0.002006053924560547, -0.40239810943603516, -1.494375228881836, -0.04204986244440079, 242.0
1136801, 0.003865594509989023, -0.40107962489128113, -1.4975340366363525, 0.01573392190039158, 0.0076500470750033855, -0.029743187129497528, 0.0, 0.0, 0.0, 0.0, 0.0, 0.0, 0.0, 0.0017956886440515518, -0.4025568962097168, -1.4943618774414062, -0.0417444221675396, 242.0
1136821, 0.0038536519277840853, -0.4010952413082123, -1.4975266456604004, 0.01581595651805401, 0.00784817710518837, -0.029617417603731155, 0.0, 0.0, 0.0, 0.0, 0.0, 0.0, 0.0, 0.0015726052224636078, -0.4029231071472168, -1.4945449829101562, -0.042641475796699524, 242.0
1136842, 0.00400458462536335, -0.4010189175605774, -1.4977104663848877, 0.016462119296193123, 0.008019168861210346, -0.030689548701047897, 0.0, 0.0, 0.0, 0.0, 0.0, 0.0, 0.0, 0.0022420063614845276, -0.4023599624633789, -1.4944000244140625, -0.04073978587985039, 242.0
1136861, 0.0039231739938259125, -0.40104275941848755, -1.4976671934127808, 0.015691878274083138, 0.007826767861843109, -0.0305169764906168, 0.0, 0.0, 0.0, 0.0, 0.0, 0.0, 0.0, 0.001116318628191948, -0.4025421142578125, -1.4943962097167969, -0.04054584726691246, 242.0
1136881, 0.0038751759566366673, -0.40105223655700684, -1.4975875616073608, 0.015293022617697716, 0.007854229770600796, -0.02991608902812004, 0.0, 0.0, 0.0, 0.0, 0.0, 0.0, 0.0, 0.002370409667491913, -0.40241193771362305, -1.494405746459961, -0.04569104313850403, 242.0
1136901, 0.00396821228787303, -0.40100252628326416, -1.4976922273635864, 0.015867464244365692, 0.007929972372949123, -0.03034147620201111, 0.0, 0.0, 0.0, 0.0, 0.0, 0.0, 0.0, 0.0015618689358234406, -0.40260791778564453, -1.494436264038086, -0.045009251683950424, 242.0
1136921, 0.003895045956596732, -0.4010256230831146, -1.4976297616958618, 0.015252086333930492, 0.007798279169946909, -0.030180111527442932, 0.0, 0.0, 0.0, 0.0, 0.0, 0.0, 0.0, 0.002154473215341568, -0.40253782272338867, -1.4945869445800781, -0.04261051490902901, 242.0
1136942, 0.0039527760818600655, -0.4009894132614136, -1.4977126121520996, 0.015370015986263752, 0.008070249110460281, -0.030632566660642624, 0.0, 0.0, 0.0, 0.0, 0.0, 0.0, 0.0, 0.00234038382768631, -0.40229034423828125, -1.4944267272949219, -0.04130713641643524, 242.0
1136961, 0.003942251205444336, -0.40099745988845825, -1.497652292251587, 0.015173429623246193, 0.008029166609048843, -0.03053317405283451, 0.0, 0.0, 0.0, 0.0, 0.0, 0.0, 0.0, 0.0021474063396453857, -0.4024357795715332, -1.4944477081298828, -0.04012677073478699, 242.0
1136981, 0.0038856584578752518, -0.4010201096534729, -1.4975591897964478, 0.014925838448107243, 0.007757406681776047, -0.030145293101668358, 0.0, 0.0, 0.0, 0.0, 0.0, 0.0, 0.0, 0.001118205487728119, -0.40265750885009766, -1.4944076538085938, -0.04104375094175339, 239.0
1137001, 0.0039019687101244926, -0.40100425481796265, -1.4976615905761719, 0.014992514625191689, 0.007785037625581026, -0.030953312292695045, 0.0, 0.0, 0.0, 0.0, 0.0, 0.0, 0.0, 0.00247843936085701, -0.4024677276611328, -1.4944648742675781, -0.04013126716017723, 239.0
1137021, 0.0038282577879726887, -0.40101975202560425, -1.4975614547729492, 0.014678542502224445, 0.0077614258043468, -0.029991639778017998, 0.0, 0.0, 0.0, 0.0, 0.0, 0.0, 0.0, 0.001481013372540474, -0.4025387763977051, -1.4943809509277344, -0.04074256122112274, 239.0
1137041, 0.003867789637297392, -0.40098837018013, -1.4976458549499512, 0.014793649315834045, 0.007921259850263596, -0.030649656429886818, 0.0, 0.0, 0.0, 0.0, 0.0, 0.0, 0.0, 0.0015549510717391968, -0.40265464782714844, -1.4943275451660156, -0.039275601506233215, 239.0
1137061, 0.003857954405248165, -0.4010068476200104, -1.4975918531417847, 0.014793242327868938, 0.00783654022961855, -0.030410829931497574, 0.0, 0.0, 0.0, 0.0, 0.0, 0.0, 0.0